SID,DID,OBSID,Interest,Enjoyment,Concentration,Engage Sum,Skill,Challenge,Chall-Skill
1,1,1,4,0,0,4,2,3,1
1,1,2,2,0,1,3,0,5,5
1,2,1,3,2,0,5,5,2,-3
1,2,2,2,2,2,6,5,3,-2
1,3,1,0,0,0,0,1,4,3
1,3,2,4,4,2,10,3,5,2
1,4,1,1,5,5,11,0,4,4
1,4,2,2,5,3,10,0,4,4
1,5,1,2,5,0,7,0,5,5
1,5,2,4,5,5,14,4,0,-4
1,6,1,1,5,5,11,0,3,3
1,6,2,3,5,4,12,1,1,0
1,7,1,3,1,5,9,4,5,1
1,7,2,1,0,1,2,3,3,0
1,8,1,0,3,5,8,3,0,-3
1,8,2,0,0,3,3,5,0,-5
1,9,1,4,4,5,13,1,3,2
1,9,2,3,1,5,9,2,4,2
1,10,1,0,4,0,4,3,5,2
1,10,2,1,4,1,6,3,5,2
1,11,1,3,3,1,7,5,5,0
1,11,2,0,5,4,9,5,1,-4
1,12,1,4,5,3,12,5,3,-2
1,12,2,4,1,2,7,2,4,2
1,13,1,0,1,1,2,2,2,0
1,13,2,0,2,1,3,4,1,-3
1,14,1,4,4,1,9,4,2,-2
1,14,2,4,4,0,8,3,0,-3
1,15,1,5,4,2,11,1,2,1
1,15,2,2,5,2,9,0,2,2
1,16,1,4,5,3,12,2,1,-1
1,16,2,2,4,4,10,0,1,1
1,17,1,4,3,5,12,3,0,-3
1,17,2,0,0,3,3,4,1,-3
1,18,1,3,1,4,8,0,4,4
1,18,2,5,3,1,9,1,4,3
1,19,1,0,2,2,4,3,3,0
1,19,2,2,1,0,3,4,0,-4
1,20,1,0,5,5,10,1,0,-1
1,20,2,2,0,0,2,1,5,4
1,21,1,1,4,2,7,1,4,3
1,21,2,2,0,5,7,5,3,-2
1,22,1,4,1,2,7,1,5,4
1,22,2,4,5,2,11,2,4,2
1,23,1,0,1,3,4,3,3,0
1,23,2,1,3,2,6,5,1,-4
1,24,1,3,2,0,5,3,0,-3
1,24,2,3,5,0,8,2,3,1
1,25,1,5,0,1,6,5,1,-4
1,25,2,2,4,5,11,4,0,-4
1,26,1,3,5,5,13,5,4,-1
1,26,2,3,5,2,10,3,5,2
1,27,1,1,3,2,6,3,3,0
1,27,2,3,0,1,4,0,2,2
1,28,1,1,3,5,9,1,4,3
1,28,2,5,0,2,7,5,5,0
1,29,1,1,5,4,10,0,5,5
1,29,2,0,2,3,5,0,2,2
1,30,1,4,5,5,14,2,3,1
1,30,2,4,4,1,9,4,4,0
1,31,1,5,3,4,12,3,5,2
1,31,2,4,5,1,10,2,1,-1
1,32,1,5,0,0,5,5,5,0
1,32,2,3,5,2,10,3,4,1
1,33,1,2,1,2,5,4,4,0
1,33,2,5,5,4,14,1,2,1
1,34,1,2,5,0,7,0,2,2
1,34,2,5,2,1,8,2,4,2
1,35,1,2,4,4,10,0,0,0
1,35,2,4,5,5,14,1,2,1
1,36,1,2,2,2,6,0,1,1
1,36,2,3,5,4,12,4,3,-1
1,37,1,0,4,0,4,5,4,-1
1,37,2,0,4,1,5,2,3,1
1,38,1,3,3,1,7,3,5,2
1,38,2,0,2,2,4,5,4,-1
1,39,1,1,0,4,5,4,5,1
1,39,2,1,3,0,4,0,3,3
1,40,1,5,4,0,9,1,2,1
1,40,2,1,0,3,4,3,3,0
1,41,1,5,2,2,9,3,5,2
1,41,2,4,0,3,7,0,3,3
1,42,1,0,2,2,4,2,5,3
1,42,2,5,4,1,10,3,3,0
1,43,1,0,1,1,2,5,0,-5
1,43,2,4,0,4,8,5,4,-1
1,44,1,2,4,2,8,3,2,-1
1,44,2,3,0,2,5,4,3,-1
1,45,1,3,3,4,10,4,1,-3
1,45,2,4,0,0,4,2,5,3
1,46,1,5,0,2,7,1,4,3
1,46,2,0,2,3,5,5,4,-1
1,47,1,5,1,5,11,1,1,0
1,47,2,4,1,5,10,2,0,-2
1,48,1,0,5,4,9,4,3,-1
1,48,2,2,2,3,7,3,2,-1
1,49,1,3,4,4,11,0,4,4
1,49,2,2,2,5,9,3,1,-2
1,50,1,5,4,2,11,3,4,1
1,50,2,4,0,4,8,3,0,-3
1,51,1,5,5,4,14,3,5,2
1,51,2,0,3,1,4,3,3,0
1,52,1,4,0,4,8,1,1,0
1,52,2,3,2,2,7,5,4,-1
1,53,1,5,0,4,9,0,5,5
1,53,2,5,0,5,10,2,3,1
1,54,1,4,5,2,11,2,0,-2
1,54,2,4,4,3,11,5,3,-2
1,55,1,4,5,4,13,0,5,5
1,55,2,4,4,5,13,5,4,-1
1,56,1,1,4,5,10,4,5,1
1,56,2,0,5,4,9,4,4,0
1,57,1,3,0,1,4,3,1,-2
1,57,2,5,5,3,13,2,4,2
1,58,1,2,5,2,9,2,4,2
1,58,2,1,0,5,6,1,2,1
1,59,1,4,4,0,8,0,1,1
1,59,2,5,4,5,14,3,0,-3
1,60,1,5,1,4,10,3,2,-1
1,60,2,3,5,5,13,5,3,-2
2,1,1,2,1,1,4,0,3,3
2,1,2,2,4,5,11,5,1,-4
2,2,1,2,0,3,5,4,4,0
2,2,2,5,1,5,11,3,4,1
2,3,1,5,2,0,7,0,1,1
2,3,2,4,1,0,5,5,0,-5
2,4,1,0,1,1,2,2,5,3
2,4,2,1,5,2,8,2,2,0
2,5,1,3,1,5,9,4,3,-1
2,5,2,5,4,5,14,5,3,-2
2,6,1,5,4,2,11,0,3,3
2,6,2,0,5,4,9,0,3,3
2,7,1,1,2,3,6,4,3,-1
2,7,2,3,2,5,10,2,3,1
2,8,1,5,5,5,15,4,0,-4
2,8,2,2,3,0,5,0,1,1
2,9,1,4,0,3,7,5,0,-5
2,9,2,3,4,5,12,5,0,-5
2,10,1,4,1,0,5,3,1,-2
2,10,2,1,4,1,6,1,1,0
2,11,1,3,5,0,8,1,0,-1
2,11,2,2,1,1,4,3,2,-1
2,12,1,4,4,4,12,3,2,-1
2,12,2,1,3,5,9,1,1,0
2,13,1,1,1,4,6,4,1,-3
2,13,2,1,2,4,7,4,1,-3
2,14,1,1,0,4,5,0,5,5
2,14,2,5,1,4,10,4,5,1
2,15,1,3,1,1,5,3,3,0
2,15,2,2,1,4,7,3,4,1
2,16,1,1,5,4,10,5,5,0
2,16,2,0,1,5,6,5,1,-4
2,17,1,3,5,2,10,3,3,0
2,17,2,3,4,0,7,3,5,2
2,18,1,2,2,3,7,2,0,-2
2,18,2,0,5,2,7,4,4,0
2,19,1,2,2,5,9,1,0,-1
2,19,2,2,1,5,8,5,3,-2
2,20,1,5,4,5,14,3,4,1
2,20,2,1,5,3,9,4,1,-3
2,21,1,2,4,2,8,4,4,0
2,21,2,4,5,2,11,0,2,2
2,22,1,3,1,2,6,3,2,-1
2,22,2,2,3,0,5,4,2,-2
2,23,1,3,2,2,7,0,3,3
2,23,2,0,3,4,7,0,5,5
2,24,1,1,3,1,5,5,5,0
2,24,2,3,0,2,5,2,5,3
2,25,1,1,4,0,5,0,5,5
2,25,2,5,2,4,11,4,5,1
2,26,1,4,0,3,7,5,4,-1
2,26,2,4,4,2,10,1,5,4
2,27,1,4,2,2,8,3,3,0
2,27,2,4,1,4,9,1,2,1
2,28,1,3,5,3,11,1,5,4
2,28,2,5,1,3,9,2,0,-2
2,29,1,0,0,2,2,2,5,3
2,29,2,0,3,5,8,2,0,-2
2,30,1,2,3,5,10,2,3,1
2,30,2,3,0,5,8,2,4,2
2,31,1,5,1,4,10,2,2,0
2,31,2,4,4,5,13,3,3,0
2,32,1,5,1,3,9,2,1,-1
2,32,2,2,3,2,7,2,2,0
2,33,1,4,2,1,7,1,3,2
2,33,2,1,3,1,5,4,3,-1
2,34,1,0,3,3,6,4,5,1
2,34,2,1,2,5,8,0,1,1
2,35,1,2,1,5,8,5,5,0
2,35,2,1,3,3,7,0,5,5
2,36,1,0,1,3,4,5,1,-4
2,36,2,3,1,2,6,4,3,-1
2,37,1,0,2,1,3,4,0,-4
2,37,2,4,2,4,10,4,2,-2
2,38,1,5,0,2,7,0,0,0
2,38,2,1,3,3,7,3,0,-3
2,39,1,3,1,4,8,2,2,0
2,39,2,2,4,1,7,1,3,2
2,40,1,1,2,2,5,1,1,0
2,40,2,5,0,2,7,5,5,0
2,41,1,4,5,4,13,1,5,4
2,41,2,2,2,0,4,0,0,0
2,42,1,0,5,3,8,3,2,-1
2,42,2,5,2,5,12,2,2,0
2,43,1,2,1,5,8,2,4,2
2,43,2,5,3,5,13,0,5,5
2,44,1,5,0,2,7,0,4,4
2,44,2,0,2,4,6,4,2,-2
2,45,1,4,5,5,14,0,0,0
2,45,2,2,2,0,4,4,3,-1
2,46,1,5,1,1,7,2,0,-2
2,46,2,2,4,1,7,3,5,2
2,47,1,1,5,5,11,4,4,0
2,47,2,0,4,5,9,3,5,2
2,48,1,5,3,1,9,3,2,-1
2,48,2,5,2,0,7,5,3,-2
2,49,1,0,1,3,4,5,3,-2
2,49,2,4,3,1,8,3,3,0
2,50,1,3,4,5,12,1,4,3
2,50,2,0,5,5,10,1,4,3
2,51,1,3,4,1,8,1,0,-1
2,51,2,4,3,0,7,4,5,1
2,52,1,4,2,3,9,1,5,4
2,52,2,2,4,2,8,3,5,2
2,53,1,3,1,5,9,0,2,2
2,53,2,3,0,4,7,5,0,-5
2,54,1,2,5,3,10,0,4,4
2,54,2,2,2,5,9,5,2,-3
2,55,1,0,1,2,3,3,0,-3
2,55,2,4,1,4,9,5,2,-3
2,56,1,5,1,2,8,5,1,-4
2,56,2,2,3,4,9,2,2,0
2,57,1,1,0,3,4,2,2,0
2,57,2,1,2,0,3,1,2,1
2,58,1,2,3,0,5,4,4,0
2,58,2,0,5,2,7,2,4,2
2,59,1,1,5,0,6,5,2,-3
2,59,2,2,5,3,10,4,3,-1
2,60,1,0,1,5,6,4,2,-2
2,60,2,4,3,4,11,0,5,5
3,1,1,4,4,0,8,2,5,3
3,1,2,4,1,5,10,5,5,0
3,2,1,1,1,4,6,2,4,2
3,2,2,1,3,2,6,2,4,2
3,3,1,0,5,0,5,5,3,-2
3,3,2,3,5,5,13,2,2,0
3,4,1,1,3,4,8,5,5,0
3,4,2,3,0,0,3,5,2,-3
3,5,1,5,5,0,10,3,2,-1
3,5,2,2,4,4,10,0,5,5
3,6,1,0,3,5,8,1,3,2
3,6,2,5,1,3,9,3,0,-3
3,7,1,5,0,2,7,2,1,-1
3,7,2,4,1,1,6,4,1,-3
3,8,1,3,5,0,8,0,1,1
3,8,2,5,5,3,13,2,5,3
3,9,1,4,4,3,11,3,2,-1
3,9,2,1,5,4,10,2,5,3
3,10,1,2,1,2,5,5,2,-3
3,10,2,5,0,3,8,5,1,-4
3,11,1,5,4,5,14,2,3,1
3,11,2,4,2,3,9,4,0,-4
3,12,1,0,4,1,5,2,3,1
3,12,2,3,0,3,6,0,2,2
3,13,1,2,1,5,8,2,2,0
3,13,2,4,2,0,6,5,1,-4
3,14,1,4,0,3,7,5,5,0
3,14,2,0,3,3,6,1,4,3
3,15,1,0,3,1,4,1,4,3
3,15,2,3,5,5,13,3,2,-1
3,16,1,4,3,1,8,1,4,3
3,16,2,4,4,1,9,0,1,1
3,17,1,0,4,1,5,5,4,-1
3,17,2,3,1,5,9,5,5,0
3,18,1,2,2,2,6,3,0,-3
3,18,2,3,3,1,7,5,3,-2
3,19,1,5,5,2,12,5,3,-2
3,19,2,4,5,5,14,0,2,2
3,20,1,5,4,0,9,0,3,3
3,20,2,4,2,1,7,1,2,1
3,21,1,3,2,2,7,5,5,0
3,21,2,4,2,3,9,1,5,4
3,22,1,4,2,5,11,0,2,2
3,22,2,3,1,1,5,0,1,1
3,23,1,4,2,4,10,2,4,2
3,23,2,2,2,1,5,2,0,-2
3,24,1,0,0,0,0,4,0,-4
3,24,2,1,4,5,10,4,4,0
3,25,1,5,2,4,11,1,5,4
3,25,2,2,2,5,9,0,0,0
3,26,1,3,4,2,9,1,4,3
3,26,2,1,2,1,4,1,2,1
3,27,1,1,1,1,3,1,2,1
3,27,2,5,1,5,11,1,4,3
3,28,1,5,2,0,7,0,0,0
3,28,2,3,1,4,8,0,5,5
3,29,1,4,4,3,11,4,4,0
3,29,2,5,4,4,13,0,3,3
3,30,1,0,4,1,5,1,1,0
3,30,2,0,4,0,4,0,2,2
3,31,1,2,1,2,5,2,5,3
3,31,2,3,5,4,12,3,0,-3
3,32,1,5,3,3,11,3,2,-1
3,32,2,1,0,2,3,0,0,0
3,33,1,2,0,3,5,4,0,-4
3,33,2,2,1,0,3,5,0,-5
3,34,1,5,2,4,11,3,0,-3
3,34,2,2,5,4,11,5,1,-4
3,35,1,2,5,0,7,1,1,0
3,35,2,5,5,2,12,0,1,1
3,36,1,2,3,5,10,0,0,0
3,36,2,1,3,5,9,4,5,1
3,37,1,3,0,4,7,2,1,-1
3,37,2,4,5,0,9,2,0,-2
3,38,1,5,1,2,8,2,3,1
3,38,2,3,5,0,8,5,5,0
3,39,1,1,5,4,10,2,1,-1
3,39,2,4,3,4,11,0,4,4
3,40,1,2,1,2,5,4,2,-2
3,40,2,1,1,4,6,3,0,-3
3,41,1,4,5,0,9,1,0,-1
3,41,2,3,3,4,10,5,5,0
3,42,1,1,2,3,6,2,1,-1
3,42,2,3,1,4,8,5,4,-1
3,43,1,3,3,2,8,0,4,4
3,43,2,1,3,4,8,2,4,2
3,44,1,1,3,1,5,4,0,-4
3,44,2,3,1,2,6,1,0,-1
3,45,1,4,5,5,14,5,2,-3
3,45,2,4,2,5,11,1,2,1
3,46,1,5,5,2,12,3,2,-1
3,46,2,1,5,1,7,0,5,5
3,47,1,2,4,4,10,4,3,-1
3,47,2,2,3,4,9,0,2,2
3,48,1,1,2,4,7,3,2,-1
3,48,2,4,2,5,11,0,1,1
3,49,1,4,1,4,9,4,1,-3
3,49,2,2,4,5,11,5,5,0
3,50,1,1,1,4,6,2,1,-1
3,50,2,4,2,1,7,4,2,-2
3,51,1,0,0,0,0,2,4,2
3,51,2,0,1,5,6,2,2,0
3,52,1,4,2,1,7,1,4,3
3,52,2,3,1,3,7,5,3,-2
3,53,1,5,5,0,10,4,5,1
3,53,2,2,5,0,7,3,4,1
3,54,1,0,1,2,3,3,4,1
3,54,2,5,5,2,12,5,4,-1
3,55,1,3,0,3,6,0,4,4
3,55,2,5,3,0,8,5,1,-4
3,56,1,5,0,0,5,2,5,3
3,56,2,0,4,0,4,2,0,-2
3,57,1,1,1,4,6,4,0,-4
3,57,2,2,0,2,4,0,0,0
3,58,1,0,0,0,0,1,1,0
3,58,2,3,4,5,12,2,3,1
3,59,1,1,5,0,6,5,3,-2
3,59,2,3,3,5,11,5,5,0
3,60,1,0,0,0,0,4,3,-1
3,60,2,0,0,4,4,5,4,-1
4,1,1,3,4,5,12,1,2,1
4,1,2,0,0,2,2,3,2,-1
4,2,1,3,1,3,7,4,1,-3
4,2,2,4,0,5,9,3,5,2
4,3,1,1,1,1,3,5,5,0
4,3,2,0,3,4,7,4,5,1
4,4,1,1,1,3,5,5,2,-3
4,4,2,5,4,4,13,5,3,-2
4,5,1,1,2,2,5,5,4,-1
4,5,2,4,1,5,10,2,4,2
4,6,1,3,1,5,9,5,3,-2
4,6,2,1,2,4,7,5,3,-2
4,7,1,2,3,5,10,1,0,-1
4,7,2,4,0,4,8,4,2,-2
4,8,1,4,0,1,5,5,5,0
4,8,2,3,1,4,8,3,3,0
4,9,1,4,2,0,6,0,4,4
4,9,2,1,2,0,3,4,1,-3
4,10,1,3,4,4,11,4,0,-4
4,10,2,1,5,4,10,5,2,-3
4,11,1,2,0,0,2,4,2,-2
4,11,2,4,1,0,5,2,0,-2
4,12,1,4,4,0,8,1,4,3
4,12,2,4,2,1,7,3,0,-3
4,13,1,1,2,2,5,4,2,-2
4,13,2,4,1,0,5,3,1,-2
4,14,1,0,1,5,6,0,0,0
4,14,2,4,2,0,6,1,1,0
4,15,1,5,1,3,9,1,4,3
4,15,2,1,3,1,5,3,3,0
4,16,1,0,0,0,0,0,4,4
4,16,2,0,4,1,5,4,2,-2
4,17,1,2,2,2,6,0,2,2
4,17,2,3,0,1,4,2,0,-2
4,18,1,4,5,2,11,4,4,0
4,18,2,0,0,5,5,0,4,4
4,19,1,5,1,4,10,3,3,0
4,19,2,4,0,4,8,4,5,1
4,20,1,4,5,0,9,4,3,-1
4,20,2,4,2,2,8,3,4,1
4,21,1,1,2,2,5,2,1,-1
4,21,2,1,3,2,6,3,5,2
4,22,1,1,4,0,5,1,4,3
4,22,2,3,0,4,7,3,5,2
4,23,1,5,4,4,13,3,5,2
4,23,2,4,5,1,10,0,1,1
4,24,1,1,2,5,8,3,1,-2
4,24,2,0,5,1,6,3,0,-3
4,25,1,4,2,5,11,1,4,3
4,25,2,4,2,0,6,2,0,-2
4,26,1,1,5,3,9,3,0,-3
4,26,2,2,3,3,8,2,3,1
4,27,1,0,2,5,7,3,5,2
4,27,2,2,0,1,3,0,0,0
4,28,1,4,1,4,9,4,3,-1
4,28,2,2,4,3,9,1,5,4
4,29,1,5,4,1,10,4,4,0
4,29,2,2,4,5,11,3,1,-2
4,30,1,4,0,1,5,0,4,4
4,30,2,5,4,3,12,5,2,-3
4,31,1,3,1,4,8,1,5,4
4,31,2,2,0,4,6,1,5,4
4,32,1,4,5,0,9,1,3,2
4,32,2,5,3,3,11,0,2,2
4,33,1,2,2,4,8,1,1,0
4,33,2,2,4,0,6,0,0,0
4,34,1,0,5,1,6,4,1,-3
4,34,2,3,0,3,6,0,5,5
4,35,1,1,1,1,3,2,2,0
4,35,2,3,1,3,7,2,5,3
4,36,1,1,4,3,8,3,1,-2
4,36,2,5,4,1,10,0,1,1
4,37,1,5,0,0,5,5,0,-5
4,37,2,0,5,3,8,0,0,0
4,38,1,4,0,0,4,0,2,2
4,38,2,3,5,1,9,4,3,-1
4,39,1,5,0,5,10,2,4,2
4,39,2,5,4,4,13,1,5,4
4,40,1,3,4,3,10,2,1,-1
4,40,2,3,4,3,10,0,1,1
4,41,1,2,0,5,7,3,2,-1
4,41,2,2,4,3,9,3,2,-1
4,42,1,3,3,1,7,3,3,0
4,42,2,2,3,4,9,2,1,-1
4,43,1,3,5,1,9,2,2,0
4,43,2,2,3,2,7,4,3,-1
4,44,1,4,2,1,7,1,4,3
4,44,2,1,5,5,11,4,1,-3
4,45,1,5,5,3,13,1,5,4
4,45,2,3,3,5,11,2,4,2
4,46,1,1,4,1,6,0,1,1
4,46,2,1,2,2,5,0,3,3
4,47,1,0,0,2,2,2,0,-2
4,47,2,0,1,2,3,5,1,-4
4,48,1,5,0,3,8,3,3,0
4,48,2,2,0,0,2,2,2,0
4,49,1,4,1,4,9,3,0,-3
4,49,2,1,0,1,2,5,3,-2
4,50,1,1,1,2,4,1,2,1
4,50,2,4,1,4,9,4,5,1
4,51,1,0,5,4,9,3,1,-2
4,51,2,3,1,3,7,4,3,-1
4,52,1,2,3,4,9,4,5,1
4,52,2,0,5,0,5,4,1,-3
4,53,1,5,5,1,11,3,5,2
4,53,2,1,0,3,4,3,4,1
4,54,1,1,3,4,8,0,0,0
4,54,2,0,1,2,3,3,1,-2
4,55,1,1,3,3,7,3,4,1
4,55,2,3,1,4,8,2,1,-1
4,56,1,3,0,4,7,3,3,0
4,56,2,3,4,1,8,3,3,0
4,57,1,4,1,4,9,4,5,1
4,57,2,0,3,4,7,4,4,0
4,58,1,3,4,0,7,2,0,-2
4,58,2,3,3,1,7,3,3,0
4,59,1,2,3,2,7,2,5,3
4,59,2,5,0,1,6,0,2,2
4,60,1,5,2,0,7,0,3,3
4,60,2,4,3,5,12,2,3,1
5,1,1,4,5,5,14,3,3,0
5,1,2,3,4,0,7,2,1,-1
5,2,1,1,1,2,4,1,2,1
5,2,2,4,1,4,9,3,2,-1
5,3,1,3,3,3,9,0,5,5
5,3,2,5,3,3,11,0,3,3
5,4,1,1,1,1,3,1,4,3
5,4,2,1,4,4,9,1,0,-1
5,5,1,0,5,0,5,1,0,-1
5,5,2,4,2,3,9,0,2,2
5,6,1,4,0,3,7,1,4,3
5,6,2,1,0,1,2,4,1,-3
5,7,1,4,4,5,13,0,2,2
5,7,2,3,2,2,7,2,1,-1
5,8,1,0,0,1,1,4,1,-3
5,8,2,5,0,1,6,3,4,1
5,9,1,4,4,3,11,1,2,1
5,9,2,5,5,3,13,5,2,-3
5,10,1,1,3,0,4,5,5,0
5,10,2,2,1,4,7,2,4,2
5,11,1,1,5,0,6,5,0,-5
5,11,2,4,4,4,12,0,3,3
5,12,1,0,5,4,9,5,3,-2
5,12,2,4,2,1,7,3,2,-1
5,13,1,3,0,0,3,5,1,-4
5,13,2,1,5,4,10,5,2,-3
5,14,1,4,0,4,8,0,3,3
5,14,2,5,1,1,7,5,2,-3
5,15,1,5,3,4,12,5,3,-2
5,15,2,1,0,3,4,1,3,2
5,16,1,4,5,3,12,2,1,-1
5,16,2,2,4,1,7,2,2,0
5,17,1,2,1,0,3,2,0,-2
5,17,2,1,2,5,8,5,3,-2
5,18,1,2,0,1,3,1,0,-1
5,18,2,1,4,5,10,1,4,3
5,19,1,5,2,2,9,5,2,-3
5,19,2,1,4,1,6,0,2,2
5,20,1,5,0,2,7,0,0,0
5,20,2,1,3,2,6,0,5,5
5,21,1,3,0,2,5,1,5,4
5,21,2,3,4,4,11,3,4,1
5,22,1,0,4,2,6,2,1,-1
5,22,2,3,5,0,8,3,1,-2
5,23,1,5,5,3,13,1,5,4
5,23,2,2,2,5,9,1,4,3
5,24,1,2,2,0,4,5,0,-5
5,24,2,5,1,1,7,5,5,0
5,25,1,3,0,2,5,1,0,-1
5,25,2,2,4,1,7,1,0,-1
5,26,1,4,4,5,13,2,5,3
5,26,2,4,4,2,10,2,0,-2
5,27,1,3,4,3,10,4,2,-2
5,27,2,4,1,5,10,3,5,2
5,28,1,3,0,1,4,3,3,0
5,28,2,1,5,0,6,2,3,1
5,29,1,4,3,5,12,3,4,1
5,29,2,0,3,0,3,1,0,-1
5,30,1,1,0,4,5,5,2,-3
5,30,2,4,4,2,10,5,0,-5
5,31,1,1,2,2,5,5,3,-2
5,31,2,4,3,3,10,4,2,-2
5,32,1,2,0,2,4,3,4,1
5,32,2,5,0,3,8,3,2,-1
5,33,1,2,2,0,4,4,3,-1
5,33,2,1,4,0,5,2,2,0
5,34,1,4,2,5,11,1,0,-1
5,34,2,0,4,2,6,2,4,2
5,35,1,2,5,2,9,4,0,-4
5,35,2,4,2,5,11,1,0,-1
5,36,1,4,2,1,7,0,5,5
5,36,2,1,1,0,2,1,2,1
5,37,1,0,5,0,5,0,5,5
5,37,2,4,0,4,8,1,0,-1
5,38,1,5,0,0,5,2,3,1
5,38,2,4,0,4,8,2,2,0
5,39,1,5,1,2,8,5,5,0
5,39,2,3,4,5,12,1,5,4
5,40,1,4,4,4,12,5,5,0
5,40,2,0,5,4,9,0,2,2
5,41,1,1,1,0,2,5,0,-5
5,41,2,5,3,4,12,3,4,1
5,42,1,2,4,3,9,5,2,-3
5,42,2,1,2,1,4,5,1,-4
5,43,1,5,5,3,13,1,4,3
5,43,2,5,1,3,9,2,3,1
5,44,1,1,3,4,8,3,2,-1
5,44,2,4,0,4,8,0,4,4
5,45,1,1,0,5,6,3,3,0
5,45,2,1,5,3,9,0,1,1
5,46,1,4,3,4,11,0,3,3
5,46,2,1,2,1,4,1,5,4
5,47,1,2,4,5,11,0,1,1
5,47,2,4,3,4,11,5,0,-5
5,48,1,4,3,0,7,0,4,4
5,48,2,1,0,1,2,4,1,-3
5,49,1,5,3,3,11,0,2,2
5,49,2,1,5,1,7,0,1,1
5,50,1,2,3,1,6,4,1,-3
5,50,2,1,2,4,7,3,3,0
5,51,1,2,1,1,4,2,3,1
5,51,2,0,4,2,6,3,0,-3
5,52,1,2,5,2,9,1,3,2
5,52,2,0,5,2,7,3,2,-1
5,53,1,5,1,3,9,2,4,2
5,53,2,3,0,4,7,3,4,1
5,54,1,2,3,3,8,1,1,0
5,54,2,3,5,1,9,4,4,0
5,55,1,5,0,0,5,2,5,3
5,55,2,2,3,1,6,5,4,-1
5,56,1,0,4,4,8,2,5,3
5,56,2,1,0,4,5,1,4,3
5,57,1,3,0,3,6,5,3,-2
5,57,2,0,3,0,3,0,2,2
5,58,1,1,4,3,8,3,1,-2
5,58,2,4,3,4,11,3,2,-1
5,59,1,3,2,5,10,0,0,0
5,59,2,1,3,4,8,3,3,0
5,60,1,0,2,1,3,2,4,2
5,60,2,1,3,2,6,4,1,-3
6,1,1,0,3,0,3,1,3,2
6,1,2,2,5,3,10,3,2,-1
6,2,1,3,2,0,5,2,5,3
6,2,2,3,2,3,8,4,4,0
6,3,1,2,0,2,4,3,3,0
6,3,2,4,3,0,7,4,2,-2
6,4,1,0,4,2,6,3,0,-3
6,4,2,2,3,1,6,0,0,0
6,5,1,2,2,2,6,4,2,-2
6,5,2,0,2,1,3,1,3,2
6,6,1,2,2,0,4,5,2,-3
6,6,2,0,3,3,6,1,4,3
6,7,1,2,3,1,6,4,5,1
6,7,2,5,4,5,14,0,5,5
6,8,1,1,3,4,8,3,1,-2
6,8,2,2,3,5,10,1,5,4
6,9,1,3,0,2,5,0,1,1
6,9,2,5,1,1,7,5,1,-4
6,10,1,4,2,4,10,5,2,-3
6,10,2,2,2,5,9,0,4,4
6,11,1,0,0,0,0,2,1,-1
6,11,2,1,5,3,9,0,3,3
6,12,1,2,2,4,8,3,5,2
6,12,2,5,1,5,11,2,0,-2
6,13,1,3,0,4,7,3,5,2
6,13,2,5,1,0,6,5,5,0
6,14,1,2,5,3,10,5,4,-1
6,14,2,3,2,3,8,3,1,-2
6,15,1,5,2,5,12,4,2,-2
6,15,2,0,5,2,7,0,2,2
6,16,1,2,1,4,7,3,3,0
6,16,2,4,4,3,11,1,2,1
6,17,1,0,0,1,1,1,0,-1
6,17,2,4,2,1,7,5,5,0
6,18,1,4,3,0,7,3,4,1
6,18,2,3,5,0,8,5,4,-1
6,19,1,0,5,1,6,5,1,-4
6,19,2,4,3,5,12,2,4,2
6,20,1,3,4,5,12,4,1,-3
6,20,2,2,5,2,9,4,0,-4
6,21,1,3,0,2,5,3,5,2
6,21,2,2,5,2,9,2,2,0
6,22,1,1,5,4,10,4,3,-1
6,22,2,3,4,5,12,2,3,1
6,23,1,0,2,0,2,4,5,1
6,23,2,1,3,5,9,4,2,-2
6,24,1,5,5,4,14,5,5,0
6,24,2,3,1,2,6,2,1,-1
6,25,1,1,3,5,9,1,4,3
6,25,2,3,0,1,4,3,0,-3
6,26,1,0,0,1,1,0,5,5
6,26,2,4,4,3,11,3,4,1
6,27,1,0,0,2,2,1,5,4
6,27,2,2,0,0,2,0,2,2
6,28,1,5,3,5,13,1,0,-1
6,28,2,2,5,1,8,4,5,1
6,29,1,4,5,0,9,5,5,0
6,29,2,4,2,4,10,2,2,0
6,30,1,5,5,0,10,0,3,3
6,30,2,5,4,4,13,4,5,1
6,31,1,5,3,2,10,2,2,0
6,31,2,1,5,3,9,3,1,-2
6,32,1,3,1,3,7,2,3,1
6,32,2,1,5,1,7,2,0,-2
6,33,1,3,1,5,9,3,3,0
6,33,2,4,2,1,7,0,2,2
6,34,1,2,2,3,7,3,3,0
6,34,2,0,1,4,5,1,4,3
6,35,1,2,0,1,3,5,0,-5
6,35,2,1,3,4,8,0,4,4
6,36,1,1,4,1,6,0,5,5
6,36,2,4,3,4,11,1,2,1
6,37,1,0,2,1,3,2,5,3
6,37,2,2,0,0,2,4,5,1
6,38,1,0,2,0,2,4,0,-4
6,38,2,2,0,0,2,0,2,2
6,39,1,5,3,2,10,3,4,1
6,39,2,2,3,0,5,5,2,-3
6,40,1,0,3,0,3,0,2,2
6,40,2,0,5,4,9,0,0,0
6,41,1,4,1,1,6,2,1,-1
6,41,2,2,1,4,7,5,5,0
6,42,1,1,4,2,7,2,5,3
6,42,2,4,3,5,12,3,5,2
6,43,1,0,0,1,1,3,3,0
6,43,2,4,3,2,9,2,1,-1
6,44,1,0,4,2,6,1,3,2
6,44,2,1,5,5,11,0,5,5
6,45,1,0,5,5,10,5,0,-5
6,45,2,1,1,3,5,1,2,1
6,46,1,5,4,0,9,2,5,3
6,46,2,0,2,0,2,3,2,-1
6,47,1,3,4,5,12,5,0,-5
6,47,2,2,1,4,7,5,1,-4
6,48,1,0,4,5,9,2,3,1
6,48,2,0,1,0,1,4,1,-3
6,49,1,3,2,5,10,3,2,-1
6,49,2,3,2,4,9,5,3,-2
6,50,1,2,3,1,6,0,4,4
6,50,2,4,1,3,8,0,4,4
6,51,1,5,2,2,9,3,4,1
6,51,2,5,3,3,11,4,2,-2
6,52,1,4,3,2,9,0,3,3
6,52,2,5,0,2,7,5,5,0
6,53,1,3,5,0,8,0,2,2
6,53,2,5,1,2,8,5,4,-1
6,54,1,0,5,1,6,0,1,1
6,54,2,3,2,1,6,3,4,1
6,55,1,2,3,0,5,0,5,5
6,55,2,5,5,5,15,1,3,2
6,56,1,1,3,5,9,3,0,-3
6,56,2,2,3,2,7,0,0,0
6,57,1,1,2,3,6,1,5,4
6,57,2,1,4,3,8,3,0,-3
6,58,1,3,4,5,12,1,2,1
6,58,2,2,3,2,7,2,3,1
6,59,1,3,2,0,5,1,1,0
6,59,2,5,5,3,13,4,3,-1
6,60,1,1,5,3,9,2,3,1
6,60,2,5,5,4,14,3,2,-1
7,1,1,3,1,0,4,4,5,1
7,1,2,5,4,4,13,0,4,4
7,2,1,5,1,2,8,0,0,0
7,2,2,5,3,5,13,3,4,1
7,3,1,4,1,4,9,5,1,-4
7,3,2,0,2,4,6,2,2,0
7,4,1,3,4,3,10,4,5,1
7,4,2,2,5,1,8,2,1,-1
7,5,1,2,4,5,11,4,0,-4
7,5,2,3,0,0,3,3,3,0
7,6,1,3,4,2,9,2,2,0
7,6,2,0,0,1,1,3,0,-3
7,7,1,1,0,0,1,3,4,1
7,7,2,1,0,2,3,0,0,0
7,8,1,1,4,3,8,4,5,1
7,8,2,5,4,3,12,0,1,1
7,9,1,1,1,5,7,4,1,-3
7,9,2,5,4,2,11,0,2,2
7,10,1,3,2,2,7,2,4,2
7,10,2,0,0,5,5,0,0,0
7,11,1,4,3,0,7,5,2,-3
7,11,2,0,5,1,6,2,1,-1
7,12,1,1,3,2,6,3,1,-2
7,12,2,4,3,5,12,3,1,-2
7,13,1,1,3,5,9,5,0,-5
7,13,2,1,4,0,5,1,1,0
7,14,1,1,3,3,7,5,3,-2
7,14,2,3,4,4,11,1,4,3
7,15,1,2,5,3,10,3,1,-2
7,15,2,3,2,3,8,1,3,2
7,16,1,1,4,3,8,4,1,-3
7,16,2,3,0,2,5,5,0,-5
7,17,1,5,1,2,8,4,5,1
7,17,2,4,5,2,11,2,1,-1
7,18,1,4,4,2,10,1,3,2
7,18,2,3,1,4,8,4,5,1
7,19,1,5,2,3,10,0,3,3
7,19,2,5,2,2,9,1,2,1
7,20,1,3,5,1,9,3,4,1
7,20,2,0,3,3,6,0,5,5
7,21,1,1,1,2,4,2,3,1
7,21,2,4,3,5,12,1,3,2
7,22,1,3,1,4,8,3,3,0
7,22,2,5,1,1,7,1,4,3
7,23,1,3,2,2,7,0,4,4
7,23,2,2,5,5,12,1,3,2
7,24,1,3,0,4,7,1,5,4
7,24,2,3,2,1,6,1,3,2
7,25,1,1,0,5,6,2,3,1
7,25,2,1,5,0,6,4,2,-2
7,26,1,3,4,5,12,4,1,-3
7,26,2,2,3,4,9,5,0,-5
7,27,1,1,1,1,3,4,4,0
7,27,2,3,3,5,11,3,4,1
7,28,1,3,2,0,5,5,0,-5
7,28,2,3,1,2,6,3,0,-3
7,29,1,3,3,2,8,1,3,2
7,29,2,2,2,0,4,1,4,3
7,30,1,1,1,0,2,0,2,2
7,30,2,1,2,2,5,3,1,-2
7,31,1,2,1,4,7,2,3,1
7,31,2,4,3,0,7,0,1,1
7,32,1,2,5,5,12,3,2,-1
7,32,2,5,0,3,8,2,0,-2
7,33,1,2,5,3,10,0,3,3
7,33,2,5,2,0,7,2,5,3
7,34,1,1,3,5,9,3,0,-3
7,34,2,4,3,3,10,0,0,0
7,35,1,2,2,3,7,3,4,1
7,35,2,5,3,1,9,3,2,-1
7,36,1,2,4,1,7,5,5,0
7,36,2,0,2,5,7,4,3,-1
7,37,1,2,5,2,9,4,5,1
7,37,2,2,3,4,9,0,1,1
7,38,1,1,2,3,6,2,4,2
7,38,2,4,1,2,7,0,3,3
7,39,1,3,5,1,9,2,0,-2
7,39,2,5,1,4,10,2,3,1
7,40,1,5,0,0,5,1,3,2
7,40,2,1,5,5,11,3,1,-2
7,41,1,2,1,1,4,5,4,-1
7,41,2,5,4,2,11,2,5,3
7,42,1,2,2,2,6,0,0,0
7,42,2,3,1,0,4,0,3,3
7,43,1,5,2,0,7,5,5,0
7,43,2,5,0,5,10,1,5,4
7,44,1,1,4,3,8,1,0,-1
7,44,2,3,1,1,5,0,3,3
7,45,1,4,5,5,14,4,5,1
7,45,2,0,3,5,8,3,2,-1
7,46,1,5,3,0,8,2,1,-1
7,46,2,1,1,1,3,5,3,-2
7,47,1,0,1,1,2,0,4,4
7,47,2,5,4,0,9,2,0,-2
7,48,1,5,3,2,10,0,4,4
7,48,2,0,5,0,5,5,3,-2
7,49,1,5,0,0,5,0,3,3
7,49,2,2,4,4,10,1,4,3
7,50,1,5,5,3,13,3,1,-2
7,50,2,3,4,3,10,4,0,-4
7,51,1,2,5,5,12,1,4,3
7,51,2,0,0,3,3,5,2,-3
7,52,1,3,0,3,6,3,3,0
7,52,2,2,5,5,12,4,5,1
7,53,1,3,5,0,8,0,4,4
7,53,2,1,0,5,6,5,1,-4
7,54,1,2,2,5,9,2,5,3
7,54,2,2,4,2,8,3,5,2
7,55,1,4,4,4,12,4,0,-4
7,55,2,4,2,2,8,4,4,0
7,56,1,0,0,1,1,3,3,0
7,56,2,2,5,2,9,3,3,0
7,57,1,3,5,5,13,4,3,-1
7,57,2,1,5,4,10,3,2,-1
7,58,1,3,3,0,6,4,0,-4
7,58,2,4,3,5,12,0,4,4
7,59,1,5,0,0,5,1,5,4
7,59,2,2,3,5,10,3,1,-2
7,60,1,0,5,2,7,1,3,2
7,60,2,5,1,4,10,0,3,3
8,1,1,1,4,1,6,0,3,3
8,1,2,4,5,4,13,2,2,0
8,2,1,2,2,4,8,4,1,-3
8,2,2,3,3,5,11,2,0,-2
8,3,1,5,1,3,9,3,4,1
8,3,2,3,5,2,10,0,2,2
8,4,1,2,0,3,5,4,4,0
8,4,2,1,2,0,3,4,2,-2
8,5,1,3,0,0,3,5,4,-1
8,5,2,1,1,0,2,1,3,2
8,6,1,1,4,1,6,4,1,-3
8,6,2,2,1,1,4,0,3,3
8,7,1,5,4,1,10,1,5,4
8,7,2,3,5,5,13,5,4,-1
8,8,1,4,1,4,9,1,4,3
8,8,2,4,2,1,7,3,1,-2
8,9,1,3,3,2,8,3,0,-3
8,9,2,0,3,0,3,2,5,3
8,10,1,1,5,1,7,4,3,-1
8,10,2,2,0,4,6,1,3,2
8,11,1,0,4,3,7,0,2,2
8,11,2,4,2,4,10,3,5,2
8,12,1,0,3,5,8,1,3,2
8,12,2,4,2,1,7,0,5,5
8,13,1,4,1,4,9,1,4,3
8,13,2,0,3,0,3,3,5,2
8,14,1,2,4,5,11,0,5,5
8,14,2,2,3,5,10,5,0,-5
8,15,1,2,2,1,5,0,4,4
8,15,2,4,0,4,8,3,0,-3
8,16,1,4,1,0,5,0,5,5
8,16,2,2,4,2,8,3,1,-2
8,17,1,5,0,4,9,1,0,-1
8,17,2,4,1,3,8,2,5,3
8,18,1,4,4,0,8,2,2,0
8,18,2,5,2,1,8,3,0,-3
8,19,1,1,1,1,3,2,0,-2
8,19,2,0,3,1,4,0,3,3
8,20,1,4,2,2,8,2,3,1
8,20,2,4,1,1,6,3,4,1
8,21,1,1,5,4,10,3,3,0
8,21,2,0,0,3,3,5,1,-4
8,22,1,5,5,3,13,3,0,-3
8,22,2,5,1,1,7,3,1,-2
8,23,1,1,2,5,8,5,1,-4
8,23,2,3,1,1,5,1,5,4
8,24,1,0,5,5,10,5,1,-4
8,24,2,2,1,5,8,1,0,-1
8,25,1,0,2,0,2,0,1,1
8,25,2,3,0,5,8,4,1,-3
8,26,1,4,3,5,12,1,0,-1
8,26,2,3,1,0,4,3,4,1
8,27,1,0,2,0,2,4,0,-4
8,27,2,2,3,0,5,2,2,0
8,28,1,0,2,5,7,0,4,4
8,28,2,0,1,2,3,3,5,2
8,29,1,5,3,2,10,0,2,2
8,29,2,2,4,5,11,0,2,2
8,30,1,3,2,3,8,1,2,1
8,30,2,1,1,1,3,1,1,0
8,31,1,5,2,3,10,1,2,1
8,31,2,1,3,0,4,0,1,1
8,32,1,5,3,3,11,0,1,1
8,32,2,3,5,5,13,4,3,-1
8,33,1,1,0,0,1,0,5,5
8,33,2,2,5,3,10,2,1,-1
8,34,1,0,1,0,1,5,5,0
8,34,2,0,0,1,1,1,5,4
8,35,1,4,1,2,7,2,4,2
8,35,2,5,5,1,11,3,4,1
8,36,1,1,1,2,4,5,5,0
8,36,2,2,5,4,11,0,4,4
8,37,1,2,2,0,4,0,0,0
8,37,2,5,5,4,14,1,2,1
8,38,1,0,5,2,7,3,2,-1
8,38,2,0,4,4,8,4,4,0
8,39,1,3,4,0,7,0,5,5
8,39,2,0,0,2,2,4,3,-1
8,40,1,4,4,4,12,4,0,-4
8,40,2,5,5,4,14,2,5,3
8,41,1,3,2,5,10,2,1,-1
8,41,2,4,2,1,7,4,3,-1
8,42,1,1,5,0,6,4,3,-1
8,42,2,0,0,0,0,0,3,3
8,43,1,0,1,5,6,1,0,-1
8,43,2,1,4,4,9,2,5,3
8,44,1,4,5,3,12,3,5,2
8,44,2,1,1,4,6,3,2,-1
8,45,1,2,4,2,8,2,2,0
8,45,2,2,0,2,4,3,2,-1
8,46,1,1,0,2,3,3,0,-3
8,46,2,1,0,4,5,1,2,1
8,47,1,5,5,0,10,4,4,0
8,47,2,5,5,1,11,5,3,-2
8,48,1,0,4,0,4,0,3,3
8,48,2,4,1,1,6,3,2,-1
8,49,1,2,2,0,4,3,2,-1
8,49,2,1,1,1,3,1,2,1
8,50,1,0,3,2,5,5,0,-5
8,50,2,0,1,3,4,0,5,5
8,51,1,5,4,1,10,3,1,-2
8,51,2,2,2,3,7,3,1,-2
8,52,1,0,2,5,7,2,1,-1
8,52,2,5,5,5,15,5,5,0
8,53,1,2,5,5,12,5,1,-4
8,53,2,4,2,2,8,2,5,3
8,54,1,1,1,0,2,0,2,2
8,54,2,5,3,5,13,2,2,0
8,55,1,3,5,3,11,1,4,3
8,55,2,3,5,2,10,3,4,1
8,56,1,2,5,4,11,2,4,2
8,56,2,4,4,1,9,4,5,1
8,57,1,3,0,1,4,5,2,-3
8,57,2,5,0,2,7,4,2,-2
8,58,1,0,0,2,2,0,5,5
8,58,2,0,1,4,5,0,3,3
8,59,1,0,0,1,1,1,1,0
8,59,2,1,2,5,8,1,0,-1
8,60,1,2,1,2,5,4,0,-4
8,60,2,4,0,5,9,1,5,4
9,1,1,5,5,2,12,2,5,3
9,1,2,5,0,1,6,5,5,0
9,2,1,3,5,1,9,3,1,-2
9,2,2,2,4,0,6,1,5,4
9,3,1,4,4,5,13,0,0,0
9,3,2,4,1,0,5,5,3,-2
9,4,1,1,4,4,9,5,4,-1
9,4,2,2,1,5,8,0,5,5
9,5,1,4,1,3,8,1,1,0
9,5,2,4,5,5,14,4,4,0
9,6,1,2,4,3,9,5,5,0
9,6,2,0,4,4,8,2,5,3
9,7,1,3,3,0,6,4,2,-2
9,7,2,0,2,0,2,1,0,-1
9,8,1,0,5,4,9,5,4,-1
9,8,2,0,0,5,5,2,4,2
9,9,1,5,4,4,13,3,0,-3
9,9,2,3,2,0,5,5,3,-2
9,10,1,1,5,2,8,2,0,-2
9,10,2,4,3,5,12,5,0,-5
9,11,1,3,2,5,10,3,0,-3
9,11,2,5,1,3,9,0,1,1
9,12,1,1,4,4,9,1,2,1
9,12,2,0,2,1,3,2,1,-1
9,13,1,0,0,4,4,3,0,-3
9,13,2,5,5,5,15,1,1,0
9,14,1,4,0,3,7,1,4,3
9,14,2,0,1,3,4,4,2,-2
9,15,1,3,3,3,9,0,4,4
9,15,2,0,5,1,6,0,2,2
9,16,1,3,1,3,7,3,5,2
9,16,2,3,5,2,10,3,4,1
9,17,1,0,3,4,7,3,3,0
9,17,2,2,1,3,6,4,2,-2
9,18,1,4,4,1,9,4,3,-1
9,18,2,0,5,2,7,3,2,-1
9,19,1,0,2,1,3,5,4,-1
9,19,2,1,3,3,7,5,1,-4
9,20,1,2,2,0,4,2,1,-1
9,20,2,1,0,4,5,5,2,-3
9,21,1,0,0,5,5,3,4,1
9,21,2,3,5,2,10,4,2,-2
9,22,1,4,3,1,8,0,5,5
9,22,2,0,2,2,4,5,0,-5
9,23,1,0,0,0,0,2,0,-2
9,23,2,5,2,4,11,3,2,-1
9,24,1,4,3,1,8,4,5,1
9,24,2,2,0,5,7,1,2,1
9,25,1,3,4,3,10,4,1,-3
9,25,2,4,2,3,9,2,1,-1
9,26,1,3,0,4,7,4,3,-1
9,26,2,4,3,2,9,1,3,2
9,27,1,5,1,0,6,0,0,0
9,27,2,4,5,0,9,5,1,-4
9,28,1,1,4,4,9,1,5,4
9,28,2,0,5,4,9,4,1,-3
9,29,1,1,3,1,5,4,5,1
9,29,2,3,2,1,6,0,0,0
9,30,1,1,0,5,6,0,0,0
9,30,2,5,2,5,12,2,0,-2
9,31,1,2,5,2,9,5,0,-5
9,31,2,1,2,4,7,0,2,2
9,32,1,4,5,5,14,0,2,2
9,32,2,4,0,2,6,0,5,5
9,33,1,0,4,0,4,2,2,0
9,33,2,5,5,0,10,1,0,-1
9,34,1,3,2,5,10,4,0,-4
9,34,2,1,0,5,6,2,1,-1
9,35,1,2,1,0,3,1,4,3
9,35,2,0,0,2,2,0,1,1
9,36,1,3,4,5,12,2,5,3
9,36,2,1,5,2,8,0,2,2
9,37,1,4,2,4,10,2,3,1
9,37,2,1,4,4,9,4,5,1
9,38,1,5,5,3,13,4,0,-4
9,38,2,3,5,4,12,2,2,0
9,39,1,1,2,4,7,5,5,0
9,39,2,5,1,3,9,5,5,0
9,40,1,0,0,2,2,3,4,1
9,40,2,1,0,0,1,3,0,-3
9,41,1,2,1,0,3,0,3,3
9,41,2,2,2,5,9,2,4,2
9,42,1,0,4,1,5,0,0,0
9,42,2,5,4,5,14,5,2,-3
9,43,1,3,1,4,8,1,4,3
9,43,2,1,1,3,5,5,1,-4
9,44,1,0,0,0,0,4,3,-1
9,44,2,1,3,5,9,0,5,5
9,45,1,5,1,1,7,0,0,0
9,45,2,0,2,2,4,2,2,0
9,46,1,4,3,1,8,1,4,3
9,46,2,2,2,4,8,3,0,-3
9,47,1,0,5,4,9,5,0,-5
9,47,2,1,1,2,4,5,4,-1
9,48,1,3,3,3,9,1,3,2
9,48,2,4,3,5,12,5,3,-2
9,49,1,2,0,0,2,2,2,0
9,49,2,1,0,0,1,5,2,-3
9,50,1,4,3,2,9,4,2,-2
9,50,2,1,5,1,7,1,4,3
9,51,1,0,3,5,8,4,0,-4
9,51,2,3,5,1,9,4,4,0
9,52,1,4,4,5,13,1,4,3
9,52,2,4,2,4,10,3,0,-3
9,53,1,0,1,0,1,3,3,0
9,53,2,4,2,4,10,2,5,3
9,54,1,5,3,0,8,0,1,1
9,54,2,0,2,4,6,1,2,1
9,55,1,4,5,4,13,0,0,0
9,55,2,3,4,3,10,2,2,0
9,56,1,4,4,4,12,0,0,0
9,56,2,1,3,5,9,3,5,2
9,57,1,3,5,1,9,1,5,4
9,57,2,3,5,0,8,4,1,-3
9,58,1,3,3,2,8,1,3,2
9,58,2,4,5,5,14,3,3,0
9,59,1,0,1,2,3,4,4,0
9,59,2,3,5,1,9,2,5,3
9,60,1,0,0,0,0,2,5,3
9,60,2,5,2,3,10,3,0,-3
10,1,1,4,5,5,14,1,2,1
10,1,2,4,5,0,9,4,5,1
10,2,1,3,0,2,5,3,0,-3
10,2,2,0,4,0,4,4,2,-2
10,3,1,5,2,3,10,5,2,-3
10,3,2,0,2,1,3,1,5,4
10,4,1,3,0,4,7,4,3,-1
10,4,2,3,4,3,10,0,4,4
10,5,1,2,5,5,12,0,5,5
10,5,2,3,1,4,8,2,0,-2
10,6,1,4,3,0,7,1,0,-1
10,6,2,0,3,3,6,5,4,-1
10,7,1,2,2,2,6,3,5,2
10,7,2,0,4,5,9,2,3,1
10,8,1,2,2,2,6,4,3,-1
10,8,2,3,3,4,10,3,1,-2
10,9,1,5,5,2,12,5,5,0
10,9,2,5,2,2,9,2,3,1
10,10,1,0,1,0,1,0,5,5
10,10,2,2,0,2,4,5,5,0
10,11,1,5,3,0,8,0,4,4
10,11,2,3,5,0,8,1,3,2
10,12,1,1,0,0,1,4,1,-3
10,12,2,3,3,1,7,1,2,1
10,13,1,1,2,4,7,1,2,1
10,13,2,2,5,3,10,2,1,-1
10,14,1,1,3,0,4,2,3,1
10,14,2,2,4,1,7,4,2,-2
10,15,1,1,1,3,5,4,0,-4
10,15,2,2,1,5,8,0,0,0
10,16,1,4,5,1,10,2,0,-2
10,16,2,2,1,2,5,1,4,3
10,17,1,1,3,5,9,0,2,2
10,17,2,1,4,3,8,5,3,-2
10,18,1,2,1,5,8,4,3,-1
10,18,2,0,1,4,5,1,0,-1
10,19,1,5,1,3,9,0,3,3
10,19,2,4,0,3,7,0,5,5
10,20,1,1,5,1,7,3,3,0
10,20,2,4,1,1,6,5,5,0
10,21,1,3,5,1,9,4,2,-2
10,21,2,5,4,3,12,1,2,1
10,22,1,0,4,5,9,4,5,1
10,22,2,3,0,5,8,1,4,3
10,23,1,3,1,5,9,2,0,-2
10,23,2,3,2,0,5,3,1,-2
10,24,1,5,3,2,10,0,4,4
10,24,2,0,2,0,2,5,4,-1
10,25,1,1,2,2,5,1,2,1
10,25,2,2,5,2,9,3,1,-2
10,26,1,5,3,3,11,4,0,-4
10,26,2,4,4,2,10,1,3,2
10,27,1,1,3,2,6,3,1,-2
10,27,2,5,2,2,9,2,0,-2
10,28,1,1,3,3,7,3,3,0
10,28,2,0,5,3,8,2,0,-2
10,29,1,0,5,5,10,5,4,-1
10,29,2,2,4,3,9,2,3,1
10,30,1,5,0,3,8,0,4,4
10,30,2,1,4,5,10,5,2,-3
10,31,1,3,3,3,9,1,1,0
10,31,2,1,2,3,6,1,0,-1
10,32,1,2,2,5,9,5,3,-2
10,32,2,3,1,4,8,2,1,-1
10,33,1,3,1,3,7,2,1,-1
10,33,2,1,4,3,8,5,0,-5
10,34,1,4,2,1,7,0,5,5
10,34,2,3,2,4,9,2,1,-1
10,35,1,5,0,3,8,4,5,1
10,35,2,2,4,1,7,5,5,0
10,36,1,4,4,0,8,5,3,-2
10,36,2,5,4,1,10,4,3,-1
10,37,1,4,5,1,10,1,3,2
10,37,2,0,0,5,5,5,3,-2
10,38,1,0,4,3,7,5,0,-5
10,38,2,0,1,2,3,5,4,-1
10,39,1,4,3,4,11,1,5,4
10,39,2,1,5,3,9,1,5,4
10,40,1,5,2,5,12,3,5,2
10,40,2,4,1,1,6,3,5,2
10,41,1,5,0,0,5,2,1,-1
10,41,2,0,1,5,6,3,1,-2
10,42,1,0,0,4,4,2,5,3
10,42,2,5,5,5,15,2,0,-2
10,43,1,0,3,4,7,1,5,4
10,43,2,4,2,0,6,5,5,0
10,44,1,3,3,3,9,5,4,-1
10,44,2,0,3,5,8,2,5,3
10,45,1,0,4,1,5,0,0,0
10,45,2,4,3,2,9,3,5,2
10,46,1,2,1,5,8,5,5,0
10,46,2,5,0,0,5,1,0,-1
10,47,1,4,4,1,9,5,3,-2
10,47,2,1,1,4,6,2,5,3
10,48,1,1,1,2,4,1,1,0
10,48,2,4,2,4,10,2,2,0
10,49,1,0,5,0,5,4,3,-1
10,49,2,0,4,4,8,1,1,0
10,50,1,5,3,0,8,4,2,-2
10,50,2,4,1,0,5,1,3,2
10,51,1,0,4,4,8,5,5,0
10,51,2,3,2,2,7,3,5,2
10,52,1,3,1,3,7,5,3,-2
10,52,2,4,2,1,7,5,3,-2
10,53,1,5,3,0,8,2,4,2
10,53,2,5,1,2,8,3,4,1
10,54,1,4,4,4,12,3,2,-1
10,54,2,5,3,0,8,4,0,-4
10,55,1,3,2,4,9,3,4,1
10,55,2,0,0,4,4,3,1,-2
10,56,1,1,4,1,6,5,1,-4
10,56,2,4,2,4,10,3,4,1
10,57,1,0,5,2,7,1,5,4
10,57,2,4,2,2,8,5,3,-2
10,58,1,4,5,5,14,4,3,-1
10,58,2,0,5,2,7,5,3,-2
10,59,1,2,2,0,4,0,4,4
10,59,2,5,3,5,13,2,4,2
10,60,1,0,1,2,3,5,1,-4
10,60,2,3,5,1,9,1,5,4
11,1,1,5,1,4,10,0,0,0
11,1,2,3,3,0,6,1,2,1
11,2,1,2,3,1,6,2,4,2
11,2,2,2,3,1,6,4,2,-2
11,3,1,5,1,1,7,2,2,0
11,3,2,5,3,4,12,0,2,2
11,4,1,3,1,3,7,3,4,1
11,4,2,5,3,2,10,0,4,4
11,5,1,2,4,3,9,5,2,-3
11,5,2,1,5,2,8,1,0,-1
11,6,1,5,4,2,11,1,5,4
11,6,2,2,1,4,7,4,1,-3
11,7,1,0,3,0,3,5,0,-5
11,7,2,4,4,3,11,4,0,-4
11,8,1,2,4,1,7,3,4,1
11,8,2,1,4,2,7,0,5,5
11,9,1,5,2,5,12,2,1,-1
11,9,2,4,0,5,9,3,3,0
11,10,1,5,2,0,7,3,2,-1
11,10,2,3,0,5,8,0,2,2
11,11,1,2,2,0,4,2,0,-2
11,11,2,0,1,3,4,4,0,-4
11,12,1,5,2,2,9,5,5,0
11,12,2,5,2,1,8,1,1,0
11,13,1,1,5,1,7,2,1,-1
11,13,2,0,0,4,4,4,0,-4
11,14,1,5,0,4,9,4,4,0
11,14,2,3,4,4,11,1,0,-1
11,15,1,1,4,0,5,1,1,0
11,15,2,1,2,3,6,3,2,-1
11,16,1,1,1,1,3,3,0,-3
11,16,2,0,5,0,5,1,3,2
11,17,1,5,3,4,12,4,1,-3
11,17,2,2,0,0,2,2,1,-1
11,18,1,4,1,0,5,0,5,5
11,18,2,3,5,2,10,1,0,-1
11,19,1,0,0,3,3,1,0,-1
11,19,2,5,1,5,11,1,5,4
11,20,1,2,4,3,9,4,1,-3
11,20,2,2,0,2,4,4,5,1
11,21,1,4,5,0,9,4,1,-3
11,21,2,1,5,3,9,1,4,3
11,22,1,2,2,5,9,4,3,-1
11,22,2,3,1,3,7,0,1,1
11,23,1,5,5,4,14,2,3,1
11,23,2,1,1,1,3,4,1,-3
11,24,1,4,2,1,7,5,5,0
11,24,2,4,5,2,11,0,2,2
11,25,1,5,5,3,13,3,0,-3
11,25,2,0,0,4,4,2,1,-1
11,26,1,1,5,2,8,5,3,-2
11,26,2,4,1,0,5,1,2,1
11,27,1,5,1,5,11,5,3,-2
11,27,2,5,3,5,13,1,3,2
11,28,1,2,1,1,4,2,0,-2
11,28,2,1,0,5,6,1,3,2
11,29,1,3,4,1,8,3,4,1
11,29,2,5,3,1,9,1,2,1
11,30,1,0,5,1,6,0,5,5
11,30,2,0,1,1,2,1,2,1
11,31,1,3,1,0,4,4,3,-1
11,31,2,4,5,3,12,3,2,-1
11,32,1,1,4,3,8,1,5,4
11,32,2,0,0,0,0,3,2,-1
11,33,1,5,0,4,9,2,1,-1
11,33,2,5,2,1,8,0,2,2
11,34,1,5,3,2,10,5,1,-4
11,34,2,4,0,5,9,5,0,-5
11,35,1,5,3,2,10,0,0,0
11,35,2,4,5,1,10,3,3,0
11,36,1,5,4,0,9,2,0,-2
11,36,2,0,3,2,5,4,3,-1
11,37,1,1,4,5,10,0,5,5
11,37,2,4,0,4,8,3,2,-1
11,38,1,5,0,0,5,2,4,2
11,38,2,4,1,3,8,0,2,2
11,39,1,1,4,5,10,2,1,-1
11,39,2,0,1,4,5,2,5,3
11,40,1,1,0,0,1,1,4,3
11,40,2,5,4,1,10,0,3,3
11,41,1,4,5,5,14,3,5,2
11,41,2,4,1,0,5,4,5,1
11,42,1,5,2,4,11,5,3,-2
11,42,2,5,0,5,10,5,4,-1
11,43,1,3,2,4,9,2,3,1
11,43,2,4,4,0,8,1,1,0
11,44,1,4,3,0,7,1,1,0
11,44,2,4,4,3,11,1,2,1
11,45,1,3,0,3,6,0,5,5
11,45,2,4,5,1,10,5,3,-2
11,46,1,2,1,2,5,5,2,-3
11,46,2,4,5,4,13,2,3,1
11,47,1,2,2,5,9,0,4,4
11,47,2,5,4,1,10,0,3,3
11,48,1,3,1,4,8,0,1,1
11,48,2,1,1,3,5,5,3,-2
11,49,1,3,2,0,5,4,2,-2
11,49,2,5,3,5,13,1,4,3
11,50,1,3,3,4,10,2,3,1
11,50,2,0,5,2,7,2,2,0
11,51,1,0,2,0,2,1,1,0
11,51,2,5,0,0,5,3,4,1
11,52,1,4,1,4,9,1,5,4
11,52,2,3,3,4,10,3,2,-1
11,53,1,2,3,2,7,5,4,-1
11,53,2,3,1,3,7,1,1,0
11,54,1,5,5,5,15,4,1,-3
11,54,2,3,2,4,9,2,5,3
11,55,1,1,5,2,8,3,0,-3
11,55,2,3,1,4,8,2,3,1
11,56,1,1,5,3,9,4,2,-2
11,56,2,2,5,1,8,1,2,1
11,57,1,5,1,0,6,5,4,-1
11,57,2,4,5,0,9,3,2,-1
11,58,1,2,4,0,6,4,0,-4
11,58,2,5,0,3,8,0,1,1
11,59,1,1,2,5,8,2,0,-2
11,59,2,0,0,4,4,0,2,2
11,60,1,5,1,3,9,0,4,4
11,60,2,2,5,3,10,1,3,2
12,1,1,5,2,0,7,5,4,-1
12,1,2,2,5,2,9,0,1,1
12,2,1,4,2,4,10,3,0,-3
12,2,2,2,0,4,6,0,1,1
12,3,1,4,5,3,12,2,2,0
12,3,2,0,2,4,6,4,5,1
12,4,1,1,5,0,6,0,1,1
12,4,2,1,1,1,3,5,2,-3
12,5,1,2,3,4,9,4,0,-4
12,5,2,1,1,1,3,0,5,5
12,6,1,2,0,2,4,0,4,4
12,6,2,3,0,3,6,2,4,2
12,7,1,0,5,4,9,2,0,-2
12,7,2,5,0,2,7,1,3,2
12,8,1,5,2,4,11,5,1,-4
12,8,2,2,1,4,7,2,5,3
12,9,1,1,3,4,8,4,5,1
12,9,2,5,0,5,10,1,1,0
12,10,1,4,4,5,13,1,2,1
12,10,2,0,0,2,2,4,4,0
12,11,1,3,2,1,6,0,3,3
12,11,2,4,2,5,11,5,2,-3
12,12,1,1,4,3,8,2,3,1
12,12,2,1,1,5,7,3,5,2
12,13,1,4,2,3,9,3,4,1
12,13,2,0,2,2,4,4,3,-1
12,14,1,4,4,4,12,1,1,0
12,14,2,4,4,5,13,0,1,1
12,15,1,2,0,1,3,5,1,-4
12,15,2,5,0,0,5,4,4,0
12,16,1,2,2,2,6,4,0,-4
12,16,2,1,0,1,2,1,1,0
12,17,1,2,5,1,8,2,1,-1
12,17,2,5,2,4,11,5,1,-4
12,18,1,1,2,2,5,2,1,-1
12,18,2,0,0,3,3,2,3,1
12,19,1,0,0,5,5,2,2,0
12,19,2,4,1,0,5,1,3,2
12,20,1,5,4,2,11,1,2,1
12,20,2,0,5,0,5,1,3,2
12,21,1,2,2,0,4,2,2,0
12,21,2,1,0,5,6,5,0,-5
12,22,1,5,3,2,10,3,1,-2
12,22,2,4,0,2,6,0,3,3
12,23,1,5,3,5,13,1,2,1
12,23,2,1,3,1,5,0,5,5
12,24,1,0,5,3,8,2,1,-1
12,24,2,5,4,5,14,3,3,0
12,25,1,1,5,0,6,3,4,1
12,25,2,1,5,4,10,2,5,3
12,26,1,1,4,0,5,3,3,0
12,26,2,2,3,0,5,5,1,-4
12,27,1,1,2,5,8,2,1,-1
12,27,2,4,2,2,8,0,2,2
12,28,1,1,2,3,6,2,4,2
12,28,2,3,5,0,8,1,1,0
12,29,1,3,1,4,8,0,5,5
12,29,2,5,0,5,10,0,5,5
12,30,1,0,2,5,7,5,2,-3
12,30,2,5,0,0,5,2,3,1
12,31,1,1,2,1,4,4,4,0
12,31,2,4,1,4,9,5,0,-5
12,32,1,4,5,0,9,5,1,-4
12,32,2,2,5,5,12,4,0,-4
12,33,1,0,4,0,4,2,5,3
12,33,2,1,5,5,11,4,5,1
12,34,1,3,4,1,8,0,1,1
12,34,2,2,2,0,4,5,2,-3
12,35,1,4,0,1,5,3,3,0
12,35,2,1,3,2,6,2,5,3
12,36,1,0,2,3,5,5,5,0
12,36,2,5,2,1,8,0,5,5
12,37,1,0,4,0,4,4,4,0
12,37,2,4,0,2,6,5,1,-4
12,38,1,1,0,2,3,3,5,2
12,38,2,4,3,3,10,3,2,-1
12,39,1,5,1,3,9,1,5,4
12,39,2,1,3,4,8,0,0,0
12,40,1,4,1,2,7,3,5,2
12,40,2,1,5,1,7,4,3,-1
12,41,1,5,5,5,15,0,5,5
12,41,2,2,3,5,10,0,0,0
12,42,1,4,5,5,14,4,5,1
12,42,2,3,4,1,8,1,2,1
12,43,1,2,5,2,9,3,4,1
12,43,2,5,5,2,12,3,4,1
12,44,1,4,5,5,14,3,3,0
12,44,2,5,4,0,9,5,1,-4
12,45,1,3,4,4,11,2,1,-1
12,45,2,5,1,4,10,0,2,2
12,46,1,4,1,1,6,0,4,4
12,46,2,5,5,1,11,5,5,0
12,47,1,4,0,2,6,2,1,-1
12,47,2,4,4,1,9,4,0,-4
12,48,1,4,2,1,7,2,4,2
12,48,2,5,1,4,10,1,2,1
12,49,1,5,3,3,11,3,5,2
12,49,2,1,0,0,1,3,2,-1
12,50,1,3,1,2,6,3,1,-2
12,50,2,1,1,2,4,0,4,4
12,51,1,4,2,1,7,2,0,-2
12,51,2,2,5,5,12,4,3,-1
12,52,1,1,4,5,10,2,5,3
12,52,2,4,1,0,5,1,5,4
12,53,1,0,3,0,3,1,5,4
12,53,2,3,0,3,6,0,1,1
12,54,1,3,4,0,7,0,0,0
12,54,2,1,4,2,7,5,4,-1
12,55,1,1,0,4,5,4,0,-4
12,55,2,3,5,1,9,4,2,-2
12,56,1,1,0,1,2,4,0,-4
12,56,2,0,0,0,0,4,2,-2
12,57,1,5,1,1,7,2,2,0
12,57,2,5,3,1,9,5,5,0
12,58,1,1,2,1,4,3,5,2
12,58,2,5,5,4,14,5,3,-2
12,59,1,1,5,4,10,3,5,2
12,59,2,0,5,3,8,2,0,-2
12,60,1,3,5,2,10,2,3,1
12,60,2,1,0,1,2,1,5,4
13,1,1,1,4,2,7,3,1,-2
13,1,2,1,1,4,6,1,2,1
13,2,1,4,4,4,12,1,5,4
13,2,2,4,0,5,9,4,3,-1
13,3,1,3,1,1,5,2,4,2
13,3,2,4,3,4,11,4,5,1
13,4,1,5,5,4,14,4,3,-1
13,4,2,3,3,0,6,2,1,-1
13,5,1,2,4,4,10,3,4,1
13,5,2,3,1,1,5,3,2,-1
13,6,1,1,4,5,10,0,1,1
13,6,2,0,2,5,7,3,3,0
13,7,1,2,0,2,4,5,2,-3
13,7,2,0,2,1,3,3,0,-3
13,8,1,0,2,5,7,4,5,1
13,8,2,0,5,2,7,2,2,0
13,9,1,0,0,3,3,1,3,2
13,9,2,1,1,0,2,0,0,0
13,10,1,0,0,4,4,4,0,-4
13,10,2,1,5,5,11,2,1,-1
13,11,1,5,4,1,10,3,1,-2
13,11,2,2,3,4,9,5,1,-4
13,12,1,1,4,4,9,3,0,-3
13,12,2,4,0,2,6,1,1,0
13,13,1,1,0,3,4,5,0,-5
13,13,2,4,0,3,7,3,2,-1
13,14,1,5,2,0,7,1,2,1
13,14,2,4,4,4,12,1,4,3
13,15,1,1,4,1,6,1,0,-1
13,15,2,0,5,0,5,1,2,1
13,16,1,5,0,4,9,0,2,2
13,16,2,0,3,3,6,0,1,1
13,17,1,5,1,1,7,1,0,-1
13,17,2,1,0,1,2,0,3,3
13,18,1,0,4,3,7,2,4,2
13,18,2,3,2,3,8,3,5,2
13,19,1,2,1,3,6,4,4,0
13,19,2,3,5,3,11,5,4,-1
13,20,1,3,5,3,11,5,3,-2
13,20,2,5,2,2,9,0,2,2
13,21,1,2,5,0,7,0,0,0
13,21,2,0,1,0,1,1,5,4
13,22,1,3,4,0,7,0,0,0
13,22,2,2,0,3,5,4,2,-2
13,23,1,5,0,2,7,0,0,0
13,23,2,3,2,4,9,5,5,0
13,24,1,3,4,3,10,0,5,5
13,24,2,4,3,0,7,3,5,2
13,25,1,0,0,2,2,4,2,-2
13,25,2,5,1,3,9,2,5,3
13,26,1,1,1,4,6,4,3,-1
13,26,2,2,3,4,9,1,4,3
13,27,1,3,3,3,9,4,1,-3
13,27,2,5,5,1,11,1,4,3
13,28,1,1,3,1,5,5,4,-1
13,28,2,4,1,5,10,3,0,-3
13,29,1,0,1,4,5,4,4,0
13,29,2,4,3,0,7,2,3,1
13,30,1,1,0,4,5,2,5,3
13,30,2,2,3,1,6,4,4,0
13,31,1,1,2,2,5,5,4,-1
13,31,2,4,1,3,8,5,4,-1
13,32,1,1,3,0,4,5,2,-3
13,32,2,3,0,0,3,2,1,-1
13,33,1,1,1,3,5,0,1,1
13,33,2,3,0,1,4,4,1,-3
13,34,1,0,5,1,6,5,3,-2
13,34,2,3,1,1,5,2,1,-1
13,35,1,0,0,1,1,1,5,4
13,35,2,5,0,5,10,3,4,1
13,36,1,0,2,0,2,0,5,5
13,36,2,1,0,4,5,0,4,4
13,37,1,3,5,4,12,5,2,-3
13,37,2,2,4,5,11,5,0,-5
13,38,1,3,0,1,4,1,2,1
13,38,2,5,4,5,14,1,1,0
13,39,1,3,1,1,5,4,4,0
13,39,2,1,1,4,6,2,3,1
13,40,1,1,3,1,5,2,5,3
13,40,2,5,5,4,14,3,2,-1
13,41,1,2,0,4,6,3,1,-2
13,41,2,1,0,2,3,2,0,-2
13,42,1,1,5,3,9,1,2,1
13,42,2,5,5,5,15,2,5,3
13,43,1,4,1,2,7,2,5,3
13,43,2,4,1,4,9,2,4,2
13,44,1,4,4,5,13,3,1,-2
13,44,2,4,2,0,6,1,1,0
13,45,1,1,5,0,6,5,4,-1
13,45,2,5,4,0,9,5,4,-1
13,46,1,0,3,0,3,2,0,-2
13,46,2,0,1,2,3,3,3,0
13,47,1,3,0,2,5,1,4,3
13,47,2,2,3,1,6,2,3,1
13,48,1,4,5,5,14,5,1,-4
13,48,2,1,5,2,8,1,4,3
13,49,1,2,1,3,6,3,1,-2
13,49,2,1,3,5,9,4,0,-4
13,50,1,5,5,5,15,4,1,-3
13,50,2,3,5,0,8,3,1,-2
13,51,1,2,0,0,2,5,4,-1
13,51,2,2,3,1,6,1,3,2
13,52,1,2,2,2,6,5,4,-1
13,52,2,5,3,2,10,5,0,-5
13,53,1,4,1,0,5,3,1,-2
13,53,2,4,0,1,5,4,3,-1
13,54,1,4,2,1,7,0,1,1
13,54,2,4,1,4,9,5,4,-1
13,55,1,5,1,2,8,1,3,2
13,55,2,3,5,3,11,4,1,-3
13,56,1,4,2,0,6,3,1,-2
13,56,2,1,0,1,2,4,0,-4
13,57,1,4,4,4,12,4,2,-2
13,57,2,1,5,0,6,0,0,0
13,58,1,3,4,5,12,1,2,1
13,58,2,0,4,5,9,1,4,3
13,59,1,1,4,4,9,1,0,-1
13,59,2,4,5,5,14,1,3,2
13,60,1,2,2,1,5,2,0,-2
13,60,2,5,3,4,12,2,0,-2
14,1,1,5,3,4,12,4,2,-2
14,1,2,0,5,3,8,5,1,-4
14,2,1,5,1,4,10,5,0,-5
14,2,2,5,2,0,7,3,4,1
14,3,1,1,5,3,9,5,2,-3
14,3,2,2,3,5,10,3,0,-3
14,4,1,0,0,1,1,5,2,-3
14,4,2,2,1,1,4,2,4,2
14,5,1,3,3,2,8,0,3,3
14,5,2,2,2,0,4,3,3,0
14,6,1,5,4,0,9,3,2,-1
14,6,2,0,1,2,3,4,5,1
14,7,1,5,4,3,12,5,5,0
14,7,2,0,5,3,8,2,1,-1
14,8,1,5,2,4,11,4,3,-1
14,8,2,1,4,2,7,4,5,1
14,9,1,1,0,0,1,5,3,-2
14,9,2,1,1,4,6,2,1,-1
14,10,1,4,3,4,11,3,0,-3
14,10,2,5,0,0,5,3,5,2
14,11,1,2,3,4,9,4,5,1
14,11,2,0,5,3,8,0,1,1
14,12,1,5,1,5,11,5,4,-1
14,12,2,4,3,1,8,1,0,-1
14,13,1,5,0,0,5,1,5,4
14,13,2,0,0,5,5,1,5,4
14,14,1,3,1,4,8,1,0,-1
14,14,2,2,5,2,9,4,1,-3
14,15,1,3,0,1,4,0,1,1
14,15,2,5,1,1,7,4,3,-1
14,16,1,2,3,1,6,0,5,5
14,16,2,5,0,1,6,1,2,1
14,17,1,5,0,5,10,1,2,1
14,17,2,3,4,5,12,0,4,4
14,18,1,2,5,4,11,4,5,1
14,18,2,0,1,4,5,5,0,-5
14,19,1,0,0,1,1,4,4,0
14,19,2,1,0,5,6,2,3,1
14,20,1,3,2,1,6,5,2,-3
14,20,2,2,0,1,3,3,1,-2
14,21,1,2,3,5,10,2,3,1
14,21,2,2,4,5,11,1,5,4
14,22,1,2,4,4,10,1,0,-1
14,22,2,3,0,2,5,2,4,2
14,23,1,2,3,2,7,2,1,-1
14,23,2,3,0,1,4,3,0,-3
14,24,1,0,1,5,6,2,1,-1
14,24,2,3,4,3,10,4,3,-1
14,25,1,2,5,1,8,4,4,0
14,25,2,3,0,3,6,3,1,-2
14,26,1,5,3,0,8,3,5,2
14,26,2,2,1,0,3,1,5,4
14,27,1,0,2,0,2,5,0,-5
14,27,2,3,5,4,12,2,2,0
14,28,1,2,4,0,6,2,2,0
14,28,2,0,2,4,6,5,5,0
14,29,1,5,2,3,10,5,5,0
14,29,2,3,2,4,9,1,5,4
14,30,1,1,1,3,5,0,2,2
14,30,2,4,2,2,8,5,4,-1
14,31,1,0,3,1,4,5,5,0
14,31,2,4,0,2,6,0,5,5
14,32,1,2,2,5,9,5,1,-4
14,32,2,3,4,0,7,3,0,-3
14,33,1,2,3,1,6,5,3,-2
14,33,2,1,3,1,5,1,3,2
14,34,1,3,4,5,12,4,5,1
14,34,2,4,1,1,6,0,3,3
14,35,1,3,1,2,6,4,4,0
14,35,2,2,1,1,4,1,3,2
14,36,1,1,1,2,4,2,4,2
14,36,2,5,0,0,5,2,4,2
14,37,1,3,4,2,9,2,4,2
14,37,2,0,0,3,3,2,1,-1
14,38,1,0,4,5,9,1,3,2
14,38,2,5,0,0,5,2,5,3
14,39,1,4,4,2,10,4,0,-4
14,39,2,3,3,5,11,1,2,1
14,40,1,1,3,0,4,0,1,1
14,40,2,4,2,4,10,2,5,3
14,41,1,0,5,3,8,0,2,2
14,41,2,5,1,2,8,4,0,-4
14,42,1,4,3,5,12,3,0,-3
14,42,2,4,5,1,10,2,2,0
14,43,1,3,3,3,9,4,3,-1
14,43,2,2,0,5,7,2,5,3
14,44,1,3,0,1,4,0,0,0
14,44,2,5,3,4,12,1,5,4
14,45,1,4,3,4,11,0,2,2
14,45,2,0,0,0,0,3,4,1
14,46,1,5,2,4,11,1,5,4
14,46,2,2,1,5,8,4,3,-1
14,47,1,1,5,0,6,0,1,1
14,47,2,3,5,2,10,0,2,2
14,48,1,1,3,2,6,5,1,-4
14,48,2,2,2,2,6,4,3,-1
14,49,1,0,4,2,6,3,4,1
14,49,2,1,5,5,11,0,2,2
14,50,1,2,0,2,4,1,2,1
14,50,2,1,2,0,3,5,5,0
14,51,1,2,5,4,11,4,0,-4
14,51,2,3,4,5,12,5,3,-2
14,52,1,3,0,5,8,1,3,2
14,52,2,1,2,1,4,0,1,1
14,53,1,2,5,4,11,0,2,2
14,53,2,1,0,5,6,5,2,-3
14,54,1,4,3,3,10,4,4,0
14,54,2,2,0,4,6,1,1,0
14,55,1,2,0,2,4,3,3,0
14,55,2,3,3,4,10,4,2,-2
14,56,1,1,2,2,5,3,1,-2
14,56,2,3,2,0,5,5,5,0
14,57,1,0,5,4,9,3,0,-3
14,57,2,4,3,1,8,2,4,2
14,58,1,4,5,1,10,5,0,-5
14,58,2,0,4,0,4,5,1,-4
14,59,1,3,1,0,4,3,2,-1
14,59,2,1,5,1,7,1,0,-1
14,60,1,4,3,0,7,0,4,4
14,60,2,1,4,3,8,5,4,-1
15,1,1,4,4,5,13,0,1,1
15,1,2,3,5,1,9,3,1,-2
15,2,1,3,3,4,10,3,3,0
15,2,2,2,1,2,5,1,3,2
15,3,1,4,2,5,11,0,2,2
15,3,2,0,2,0,2,0,2,2
15,4,1,5,5,0,10,4,1,-3
15,4,2,2,0,5,7,3,3,0
15,5,1,5,5,3,13,2,3,1
15,5,2,3,4,5,12,0,4,4
15,6,1,1,3,4,8,4,3,-1
15,6,2,5,4,1,10,3,5,2
15,7,1,1,2,0,3,3,1,-2
15,7,2,5,5,1,11,0,3,3
15,8,1,1,3,0,4,1,3,2
15,8,2,2,0,1,3,3,1,-2
15,9,1,0,4,1,5,2,1,-1
15,9,2,2,2,3,7,3,2,-1
15,10,1,3,5,5,13,5,1,-4
15,10,2,2,5,1,8,3,2,-1
15,11,1,2,0,2,4,1,2,1
15,11,2,0,5,3,8,2,1,-1
15,12,1,1,1,1,3,3,0,-3
15,12,2,2,0,1,3,0,2,2
15,13,1,2,3,0,5,2,0,-2
15,13,2,2,2,4,8,0,0,0
15,14,1,3,1,5,9,3,4,1
15,14,2,0,5,0,5,4,0,-4
15,15,1,1,4,1,6,1,5,4
15,15,2,1,1,3,5,0,0,0
15,16,1,4,0,5,9,3,3,0
15,16,2,4,0,1,5,4,5,1
15,17,1,5,2,5,12,0,2,2
15,17,2,2,5,5,12,0,4,4
15,18,1,3,4,3,10,3,0,-3
15,18,2,1,5,0,6,2,1,-1
15,19,1,2,3,2,7,5,2,-3
15,19,2,5,0,0,5,1,5,4
15,20,1,1,2,3,6,4,4,0
15,20,2,0,5,3,8,5,2,-3
15,21,1,5,5,0,10,4,2,-2
15,21,2,5,5,5,15,2,1,-1
15,22,1,4,5,0,9,3,2,-1
15,22,2,2,0,0,2,4,0,-4
15,23,1,3,5,3,11,0,3,3
15,23,2,2,0,4,6,0,0,0
15,24,1,2,0,4,6,4,2,-2
15,24,2,2,1,1,4,3,2,-1
15,25,1,4,0,5,9,0,1,1
15,25,2,2,4,1,7,0,2,2
15,26,1,3,3,4,10,5,0,-5
15,26,2,1,3,4,8,3,0,-3
15,27,1,4,2,2,8,1,1,0
15,27,2,0,4,5,9,1,0,-1
15,28,1,3,0,2,5,4,4,0
15,28,2,5,3,3,11,1,5,4
15,29,1,3,2,1,6,4,5,1
15,29,2,3,3,4,10,3,3,0
15,30,1,3,0,5,8,2,5,3
15,30,2,5,1,0,6,2,2,0
15,31,1,1,5,4,10,1,2,1
15,31,2,1,3,0,4,5,0,-5
15,32,1,5,3,3,11,2,1,-1
15,32,2,4,1,2,7,4,5,1
15,33,1,5,3,0,8,0,3,3
15,33,2,5,5,3,13,5,4,-1
15,34,1,1,2,5,8,2,0,-2
15,34,2,4,3,3,10,1,1,0
15,35,1,2,5,3,10,1,2,1
15,35,2,1,4,3,8,4,1,-3
15,36,1,5,2,0,7,5,1,-4
15,36,2,4,3,5,12,5,4,-1
15,37,1,1,1,4,6,1,3,2
15,37,2,1,3,3,7,1,5,4
15,38,1,3,1,5,9,3,2,-1
15,38,2,2,5,3,10,4,3,-1
15,39,1,4,5,3,12,1,3,2
15,39,2,5,3,5,13,3,4,1
15,40,1,2,5,4,11,2,1,-1
15,40,2,3,3,1,7,4,4,0
15,41,1,0,1,1,2,0,0,0
15,41,2,3,4,3,10,3,3,0
15,42,1,5,4,5,14,3,0,-3
15,42,2,1,5,4,10,0,5,5
15,43,1,3,3,3,9,3,5,2
15,43,2,3,3,0,6,2,2,0
15,44,1,0,5,2,7,2,0,-2
15,44,2,4,3,1,8,3,1,-2
15,45,1,5,2,1,8,0,3,3
15,45,2,0,5,2,7,0,2,2
15,46,1,1,2,1,4,1,4,3
15,46,2,0,0,1,1,3,4,1
15,47,1,5,2,2,9,1,4,3
15,47,2,2,2,1,5,0,3,3
15,48,1,4,1,3,8,3,1,-2
15,48,2,3,4,2,9,4,5,1
15,49,1,1,2,2,5,2,0,-2
15,49,2,5,0,4,9,1,2,1
15,50,1,3,5,0,8,5,0,-5
15,50,2,3,1,0,4,4,4,0
15,51,1,5,0,0,5,3,4,1
15,51,2,0,5,5,10,5,0,-5
15,52,1,4,3,0,7,0,4,4
15,52,2,3,2,1,6,2,0,-2
15,53,1,1,3,3,7,5,0,-5
15,53,2,1,4,2,7,0,5,5
15,54,1,3,1,0,4,2,3,1
15,54,2,1,3,5,9,2,2,0
15,55,1,2,2,3,7,0,2,2
15,55,2,5,4,0,9,0,5,5
15,56,1,0,1,4,5,2,2,0
15,56,2,0,3,3,6,4,3,-1
15,57,1,2,2,5,9,5,5,0
15,57,2,4,4,4,12,3,5,2
15,58,1,1,4,3,8,4,0,-4
15,58,2,4,1,4,9,0,1,1
15,59,1,4,4,2,10,1,2,1
15,59,2,1,4,5,10,3,0,-3
15,60,1,3,0,1,4,1,1,0
15,60,2,3,0,4,7,4,5,1
16,1,1,2,1,0,3,5,4,-1
16,1,2,5,2,0,7,2,2,0
16,2,1,2,5,3,10,1,3,2
16,2,2,1,0,3,4,2,1,-1
16,3,1,3,3,2,8,2,1,-1
16,3,2,4,0,0,4,0,0,0
16,4,1,4,0,1,5,1,4,3
16,4,2,2,3,1,6,1,5,4
16,5,1,0,1,5,6,1,5,4
16,5,2,5,0,5,10,3,2,-1
16,6,1,5,0,0,5,3,2,-1
16,6,2,1,1,2,4,4,5,1
16,7,1,1,5,5,11,1,5,4
16,7,2,0,0,2,2,0,4,4
16,8,1,0,2,5,7,4,3,-1
16,8,2,1,0,4,5,4,3,-1
16,9,1,4,0,1,5,5,2,-3
16,9,2,0,2,4,6,4,5,1
16,10,1,0,3,5,8,0,4,4
16,10,2,4,1,5,10,2,3,1
16,11,1,0,4,1,5,4,5,1
16,11,2,5,5,1,11,0,0,0
16,12,1,1,5,2,8,5,5,0
16,12,2,4,0,1,5,4,5,1
16,13,1,2,0,5,7,0,2,2
16,13,2,5,2,0,7,3,2,-1
16,14,1,5,0,5,10,5,4,-1
16,14,2,5,5,2,12,2,5,3
16,15,1,1,2,0,3,2,0,-2
16,15,2,5,3,0,8,1,5,4
16,16,1,0,5,0,5,5,3,-2
16,16,2,5,0,5,10,4,2,-2
16,17,1,0,4,1,5,3,0,-3
16,17,2,2,2,2,6,3,1,-2
16,18,1,0,3,0,3,2,1,-1
16,18,2,5,1,1,7,0,0,0
16,19,1,2,1,4,7,4,3,-1
16,19,2,5,5,4,14,3,5,2
16,20,1,4,5,0,9,2,5,3
16,20,2,3,0,1,4,5,0,-5
16,21,1,0,3,5,8,4,1,-3
16,21,2,1,3,3,7,5,2,-3
16,22,1,4,3,2,9,0,3,3
16,22,2,5,1,2,8,0,4,4
16,23,1,0,3,4,7,0,0,0
16,23,2,4,4,0,8,0,5,5
16,24,1,3,5,3,11,4,1,-3
16,24,2,0,0,5,5,0,3,3
16,25,1,3,5,2,10,4,5,1
16,25,2,2,0,0,2,2,2,0
16,26,1,3,5,5,13,3,1,-2
16,26,2,0,0,5,5,1,1,0
16,27,1,4,1,2,7,5,0,-5
16,27,2,3,2,5,10,0,5,5
16,28,1,1,4,3,8,1,5,4
16,28,2,1,3,1,5,5,2,-3
16,29,1,4,5,2,11,3,3,0
16,29,2,1,3,5,9,3,2,-1
16,30,1,5,0,5,10,2,1,-1
16,30,2,5,0,1,6,0,0,0
16,31,1,0,1,0,1,0,0,0
16,31,2,2,5,1,8,5,5,0
16,32,1,3,1,3,7,0,3,3
16,32,2,4,0,5,9,4,1,-3
16,33,1,0,3,3,6,1,5,4
16,33,2,1,3,0,4,2,1,-1
16,34,1,5,4,4,13,5,0,-5
16,34,2,0,3,3,6,2,3,1
16,35,1,5,0,4,9,2,4,2
16,35,2,4,3,5,12,0,2,2
16,36,1,4,3,3,10,4,0,-4
16,36,2,3,0,5,8,3,1,-2
16,37,1,4,5,1,10,3,4,1
16,37,2,2,3,5,10,0,5,5
16,38,1,3,5,2,10,3,3,0
16,38,2,2,1,5,8,5,5,0
16,39,1,2,4,2,8,1,5,4
16,39,2,1,0,0,1,5,4,-1
16,40,1,0,5,2,7,5,3,-2
16,40,2,5,5,2,12,5,5,0
16,41,1,0,3,1,4,2,1,-1
16,41,2,0,1,5,6,0,0,0
16,42,1,5,1,4,10,0,0,0
16,42,2,3,3,4,10,4,4,0
16,43,1,2,3,1,6,2,2,0
16,43,2,5,2,1,8,1,3,2
16,44,1,5,1,3,9,1,0,-1
16,44,2,0,5,5,10,3,4,1
16,45,1,1,4,1,6,0,0,0
16,45,2,0,5,4,9,0,1,1
16,46,1,0,4,2,6,2,2,0
16,46,2,5,2,2,9,0,4,4
16,47,1,1,0,5,6,0,1,1
16,47,2,2,2,3,7,1,3,2
16,48,1,3,5,2,10,2,3,1
16,48,2,2,2,3,7,1,4,3
16,49,1,3,1,2,6,2,3,1
16,49,2,1,5,1,7,3,5,2
16,50,1,3,4,4,11,2,2,0
16,50,2,0,3,1,4,5,2,-3
16,51,1,1,0,3,4,0,3,3
16,51,2,3,1,0,4,5,5,0
16,52,1,1,4,0,5,1,3,2
16,52,2,4,5,1,10,1,0,-1
16,53,1,5,0,5,10,0,3,3
16,53,2,0,4,0,4,1,3,2
16,54,1,2,0,2,4,0,0,0
16,54,2,2,5,2,9,1,2,1
16,55,1,5,3,1,9,2,2,0
16,55,2,0,4,1,5,5,0,-5
16,56,1,1,5,4,10,5,3,-2
16,56,2,1,0,3,4,3,4,1
16,57,1,1,3,0,4,5,5,0
16,57,2,3,4,5,12,3,1,-2
16,58,1,3,1,0,4,1,5,4
16,58,2,3,4,3,10,1,4,3
16,59,1,2,0,0,2,3,3,0
16,59,2,2,4,0,6,5,0,-5
16,60,1,0,5,2,7,1,3,2
16,60,2,1,3,0,4,0,0,0
17,1,1,0,1,4,5,1,4,3
17,1,2,2,5,5,12,1,2,1
17,2,1,0,3,3,6,4,2,-2
17,2,2,1,5,1,7,4,5,1
17,3,1,2,4,1,7,2,2,0
17,3,2,1,0,4,5,1,5,4
17,4,1,2,3,0,5,0,4,4
17,4,2,1,4,5,10,0,0,0
17,5,1,2,2,1,5,5,1,-4
17,5,2,4,1,1,6,4,2,-2
17,6,1,3,3,2,8,3,1,-2
17,6,2,0,0,1,1,2,3,1
17,7,1,4,1,4,9,0,1,1
17,7,2,1,1,1,3,1,1,0
17,8,1,4,2,1,7,1,0,-1
17,8,2,4,0,5,9,3,3,0
17,9,1,4,2,0,6,1,5,4
17,9,2,2,3,0,5,1,0,-1
17,10,1,4,4,5,13,2,4,2
17,10,2,4,5,0,9,3,4,1
17,11,1,2,5,2,9,2,4,2
17,11,2,2,3,5,10,5,2,-3
17,12,1,1,4,2,7,1,4,3
17,12,2,3,3,2,8,0,2,2
17,13,1,1,5,4,10,0,4,4
17,13,2,0,5,4,9,3,3,0
17,14,1,4,0,2,6,0,1,1
17,14,2,2,3,4,9,1,3,2
17,15,1,2,1,1,4,3,4,1
17,15,2,2,3,4,9,4,0,-4
17,16,1,2,1,1,4,2,4,2
17,16,2,2,3,1,6,0,5,5
17,17,1,0,2,3,5,5,1,-4
17,17,2,4,1,3,8,2,0,-2
17,18,1,3,5,3,11,1,1,0
17,18,2,5,5,2,12,5,3,-2
17,19,1,5,3,5,13,4,4,0
17,19,2,0,1,4,5,4,1,-3
17,20,1,3,4,2,9,0,5,5
17,20,2,5,0,3,8,3,5,2
17,21,1,3,0,2,5,4,0,-4
17,21,2,0,2,2,4,5,5,0
17,22,1,0,1,2,3,0,1,1
17,22,2,3,5,4,12,4,1,-3
17,23,1,1,1,4,6,2,3,1
17,23,2,4,5,4,13,4,3,-1
17,24,1,1,2,1,4,0,0,0
17,24,2,2,2,3,7,5,0,-5
17,25,1,0,4,1,5,5,2,-3
17,25,2,1,0,4,5,5,3,-2
17,26,1,0,4,0,4,4,1,-3
17,26,2,3,5,2,10,3,2,-1
17,27,1,2,5,0,7,2,1,-1
17,27,2,1,2,2,5,3,1,-2
17,28,1,0,1,3,4,1,5,4
17,28,2,4,0,3,7,5,0,-5
17,29,1,2,1,4,7,4,2,-2
17,29,2,5,2,5,12,5,0,-5
17,30,1,1,2,4,7,0,4,4
17,30,2,3,3,3,9,5,2,-3
17,31,1,0,3,1,4,5,2,-3
17,31,2,4,1,0,5,4,1,-3
17,32,1,0,0,2,2,1,5,4
17,32,2,4,0,2,6,0,5,5
17,33,1,4,3,0,7,4,0,-4
17,33,2,2,2,0,4,1,4,3
17,34,1,2,5,4,11,5,1,-4
17,34,2,5,1,0,6,2,3,1
17,35,1,2,2,5,9,3,4,1
17,35,2,1,2,3,6,3,1,-2
17,36,1,5,1,0,6,2,1,-1
17,36,2,1,2,2,5,5,4,-1
17,37,1,2,1,2,5,2,4,2
17,37,2,5,2,5,12,1,1,0
17,38,1,5,1,3,9,5,5,0
17,38,2,4,4,4,12,3,3,0
17,39,1,4,3,2,9,1,5,4
17,39,2,1,0,5,6,1,1,0
17,40,1,0,1,5,6,1,4,3
17,40,2,1,4,3,8,4,1,-3
17,41,1,2,4,3,9,2,0,-2
17,41,2,1,2,2,5,5,4,-1
17,42,1,2,3,2,7,2,0,-2
17,42,2,5,5,3,13,4,0,-4
17,43,1,0,5,1,6,3,5,2
17,43,2,1,3,3,7,3,2,-1
17,44,1,1,2,3,6,0,1,1
17,44,2,0,1,5,6,4,5,1
17,45,1,1,3,0,4,3,2,-1
17,45,2,4,0,0,4,0,1,1
17,46,1,0,0,2,2,4,2,-2
17,46,2,0,4,0,4,3,5,2
17,47,1,4,3,1,8,1,5,4
17,47,2,3,5,2,10,0,0,0
17,48,1,2,1,2,5,3,4,1
17,48,2,2,3,5,10,2,3,1
17,49,1,1,5,1,7,2,2,0
17,49,2,5,0,3,8,3,0,-3
17,50,1,1,1,4,6,2,5,3
17,50,2,3,0,0,3,1,1,0
17,51,1,0,3,3,6,3,5,2
17,51,2,0,0,1,1,5,4,-1
17,52,1,3,2,5,10,2,4,2
17,52,2,5,2,0,7,0,1,1
17,53,1,3,5,1,9,5,5,0
17,53,2,5,5,2,12,1,3,2
17,54,1,5,5,2,12,2,2,0
17,54,2,5,1,2,8,3,1,-2
17,55,1,5,2,3,10,1,0,-1
17,55,2,5,0,1,6,1,5,4
17,56,1,3,0,5,8,4,4,0
17,56,2,1,5,5,11,1,2,1
17,57,1,4,3,0,7,0,0,0
17,57,2,0,2,5,7,5,0,-5
17,58,1,4,5,3,12,5,2,-3
17,58,2,0,4,5,9,0,3,3
17,59,1,5,2,2,9,2,1,-1
17,59,2,1,3,4,8,4,5,1
17,60,1,1,3,1,5,3,5,2
17,60,2,4,5,3,12,0,2,2
18,1,1,1,4,2,7,2,4,2
18,1,2,5,1,0,6,4,4,0
18,2,1,2,0,3,5,0,3,3
18,2,2,5,1,5,11,1,4,3
18,3,1,3,3,5,11,4,4,0
18,3,2,0,4,5,9,2,5,3
18,4,1,4,0,0,4,1,5,4
18,4,2,5,3,3,11,2,5,3
18,5,1,5,2,1,8,5,1,-4
18,5,2,3,3,0,6,0,2,2
18,6,1,0,4,5,9,0,1,1
18,6,2,2,2,0,4,3,4,1
18,7,1,0,4,0,4,5,2,-3
18,7,2,0,5,0,5,2,5,3
18,8,1,0,0,5,5,2,2,0
18,8,2,3,2,0,5,1,0,-1
18,9,1,4,5,1,10,5,5,0
18,9,2,3,5,3,11,0,0,0
18,10,1,1,3,2,6,0,4,4
18,10,2,4,3,1,8,3,0,-3
18,11,1,3,3,2,8,2,2,0
18,11,2,5,1,5,11,5,1,-4
18,12,1,1,0,0,1,5,0,-5
18,12,2,5,2,1,8,3,0,-3
18,13,1,0,0,3,3,2,0,-2
18,13,2,4,5,0,9,5,2,-3
18,14,1,0,5,3,8,1,2,1
18,14,2,2,2,0,4,2,4,2
18,15,1,1,0,0,1,5,3,-2
18,15,2,2,5,3,10,0,4,4
18,16,1,5,4,1,10,5,4,-1
18,16,2,4,4,2,10,3,1,-2
18,17,1,5,0,1,6,3,2,-1
18,17,2,1,3,1,5,3,3,0
18,18,1,4,1,4,9,2,4,2
18,18,2,3,2,5,10,0,1,1
18,19,1,5,4,0,9,3,0,-3
18,19,2,1,2,0,3,2,4,2
18,20,1,3,0,3,6,5,3,-2
18,20,2,1,2,5,8,0,4,4
18,21,1,4,3,2,9,3,2,-1
18,21,2,2,4,1,7,3,5,2
18,22,1,1,2,4,7,1,3,2
18,22,2,4,1,4,9,3,5,2
18,23,1,1,3,5,9,4,5,1
18,23,2,0,0,4,4,3,2,-1
18,24,1,1,3,1,5,5,2,-3
18,24,2,5,1,5,11,0,4,4
18,25,1,1,5,5,11,4,5,1
18,25,2,3,0,3,6,4,2,-2
18,26,1,3,0,2,5,2,3,1
18,26,2,0,1,3,4,0,5,5
18,27,1,0,5,5,10,3,0,-3
18,27,2,5,5,3,13,0,5,5
18,28,1,5,0,2,7,4,0,-4
18,28,2,5,2,1,8,2,2,0
18,29,1,1,4,2,7,4,3,-1
18,29,2,3,0,2,5,2,1,-1
18,30,1,5,3,0,8,3,4,1
18,30,2,2,3,0,5,5,5,0
18,31,1,4,0,1,5,5,4,-1
18,31,2,5,5,5,15,2,2,0
18,32,1,4,3,4,11,3,2,-1
18,32,2,1,5,4,10,1,5,4
18,33,1,5,3,3,11,4,4,0
18,33,2,4,1,0,5,0,1,1
18,34,1,1,0,4,5,1,5,4
18,34,2,4,4,3,11,0,5,5
18,35,1,3,3,0,6,5,1,-4
18,35,2,2,4,1,7,2,4,2
18,36,1,5,4,0,9,3,2,-1
18,36,2,4,5,2,11,3,3,0
18,37,1,3,1,0,4,4,3,-1
18,37,2,0,0,1,1,5,3,-2
18,38,1,2,2,0,4,4,4,0
18,38,2,0,3,2,5,3,1,-2
18,39,1,0,5,0,5,5,3,-2
18,39,2,0,5,2,7,1,2,1
18,40,1,1,1,2,4,3,1,-2
18,40,2,3,2,1,6,5,2,-3
18,41,1,1,2,0,3,3,5,2
18,41,2,5,3,4,12,3,4,1
18,42,1,5,3,4,12,0,4,4
18,42,2,1,0,5,6,0,4,4
18,43,1,5,5,1,11,4,5,1
18,43,2,2,4,1,7,5,0,-5
18,44,1,3,5,2,10,2,0,-2
18,44,2,2,1,0,3,4,2,-2
18,45,1,2,2,4,8,4,1,-3
18,45,2,0,2,0,2,5,3,-2
18,46,1,0,5,4,9,3,4,1
18,46,2,4,5,4,13,4,4,0
18,47,1,5,1,0,6,1,3,2
18,47,2,0,5,5,10,2,4,2
18,48,1,4,2,0,6,1,3,2
18,48,2,1,0,3,4,2,5,3
18,49,1,3,2,5,10,3,1,-2
18,49,2,1,1,5,7,5,2,-3
18,50,1,3,0,3,6,2,3,1
18,50,2,2,0,1,3,0,5,5
18,51,1,3,0,2,5,1,3,2
18,51,2,3,3,3,9,5,0,-5
18,52,1,3,4,1,8,5,2,-3
18,52,2,3,4,1,8,0,2,2
18,53,1,3,2,3,8,4,0,-4
18,53,2,0,4,0,4,2,2,0
18,54,1,3,0,2,5,5,1,-4
18,54,2,3,2,4,9,3,0,-3
18,55,1,1,4,0,5,2,3,1
18,55,2,4,1,4,9,0,3,3
18,56,1,4,0,2,6,0,5,5
18,56,2,3,3,1,7,3,2,-1
18,57,1,5,5,2,12,3,0,-3
18,57,2,3,0,5,8,3,5,2
18,58,1,0,4,5,9,3,5,2
18,58,2,4,0,1,5,2,3,1
18,59,1,5,0,2,7,3,2,-1
18,59,2,3,2,1,6,3,4,1
18,60,1,3,2,5,10,1,4,3
18,60,2,5,3,3,11,0,1,1
19,1,1,0,0,2,2,4,0,-4
19,1,2,0,2,0,2,5,2,-3
19,2,1,4,0,4,8,5,3,-2
19,2,2,4,3,0,7,1,4,3
19,3,1,0,3,5,8,0,3,3
19,3,2,0,4,1,5,0,3,3
19,4,1,4,1,0,5,1,4,3
19,4,2,2,4,0,6,4,0,-4
19,5,1,5,5,3,13,3,3,0
19,5,2,1,3,1,5,2,5,3
19,6,1,5,4,0,9,0,4,4
19,6,2,0,5,1,6,1,5,4
19,7,1,5,5,0,10,0,0,0
19,7,2,0,4,5,9,3,5,2
19,8,1,3,5,1,9,3,3,0
19,8,2,1,4,1,6,4,2,-2
19,9,1,2,2,3,7,2,4,2
19,9,2,5,1,0,6,5,3,-2
19,10,1,1,2,3,6,4,1,-3
19,10,2,3,5,5,13,5,5,0
19,11,1,3,5,3,11,4,3,-1
19,11,2,3,4,5,12,4,4,0
19,12,1,2,3,3,8,5,0,-5
19,12,2,3,3,5,11,3,0,-3
19,13,1,2,5,3,10,0,0,0
19,13,2,1,2,3,6,2,2,0
19,14,1,5,5,3,13,0,2,2
19,14,2,5,2,0,7,5,0,-5
19,15,1,5,4,1,10,3,5,2
19,15,2,3,1,4,8,3,4,1
19,16,1,0,2,4,6,1,3,2
19,16,2,2,4,2,8,4,3,-1
19,17,1,0,5,2,7,0,4,4
19,17,2,4,4,1,9,4,4,0
19,18,1,4,0,4,8,4,3,-1
19,18,2,3,0,0,3,0,5,5
19,19,1,5,1,3,9,1,4,3
19,19,2,3,1,4,8,1,1,0
19,20,1,5,2,0,7,4,1,-3
19,20,2,3,0,3,6,0,2,2
19,21,1,4,4,0,8,3,1,-2
19,21,2,4,2,3,9,5,2,-3
19,22,1,4,5,1,10,4,1,-3
19,22,2,4,2,1,7,1,2,1
19,23,1,3,0,2,5,2,2,0
19,23,2,2,4,3,9,5,3,-2
19,24,1,0,1,2,3,1,5,4
19,24,2,5,3,3,11,0,1,1
19,25,1,1,3,2,6,3,2,-1
19,25,2,4,4,1,9,4,5,1
19,26,1,0,2,5,7,4,3,-1
19,26,2,4,0,2,6,1,1,0
19,27,1,4,3,0,7,4,2,-2
19,27,2,5,4,3,12,4,1,-3
19,28,1,2,4,2,8,3,5,2
19,28,2,5,4,0,9,1,2,1
19,29,1,3,2,5,10,0,2,2
19,29,2,4,0,5,9,0,4,4
19,30,1,3,1,1,5,0,1,1
19,30,2,4,3,5,12,1,0,-1
19,31,1,2,2,3,7,2,3,1
19,31,2,1,3,0,4,0,2,2
19,32,1,0,3,0,3,2,3,1
19,32,2,5,5,2,12,3,2,-1
19,33,1,2,1,4,7,4,2,-2
19,33,2,5,3,4,12,1,2,1
19,34,1,5,5,4,14,1,4,3
19,34,2,5,5,0,10,3,3,0
19,35,1,2,1,0,3,0,4,4
19,35,2,4,2,1,7,4,2,-2
19,36,1,0,3,2,5,4,5,1
19,36,2,0,0,1,1,0,2,2
19,37,1,4,3,3,10,2,4,2
19,37,2,2,5,0,7,2,2,0
19,38,1,3,1,1,5,0,2,2
19,38,2,1,1,2,4,5,3,-2
19,39,1,4,4,3,11,3,0,-3
19,39,2,0,5,4,9,2,0,-2
19,40,1,2,2,0,4,1,5,4
19,40,2,1,3,4,8,1,3,2
19,41,1,2,5,2,9,1,0,-1
19,41,2,4,1,1,6,0,3,3
19,42,1,0,0,4,4,4,4,0
19,42,2,2,2,3,7,2,1,-1
19,43,1,3,0,4,7,4,1,-3
19,43,2,3,5,3,11,5,3,-2
19,44,1,3,1,2,6,2,3,1
19,44,2,5,3,0,8,3,4,1
19,45,1,1,3,4,8,4,3,-1
19,45,2,0,5,3,8,0,1,1
19,46,1,3,3,0,6,5,1,-4
19,46,2,3,4,2,9,1,3,2
19,47,1,3,3,4,10,4,4,0
19,47,2,4,4,1,9,0,3,3
19,48,1,4,4,0,8,2,3,1
19,48,2,4,3,5,12,1,2,1
19,49,1,4,4,0,8,2,4,2
19,49,2,2,0,0,2,2,4,2
19,50,1,5,0,3,8,1,5,4
19,50,2,4,1,2,7,5,5,0
19,51,1,1,0,0,1,1,4,3
19,51,2,2,3,0,5,1,1,0
19,52,1,0,4,5,9,2,2,0
19,52,2,5,3,4,12,3,4,1
19,53,1,0,2,3,5,0,1,1
19,53,2,2,1,1,4,0,3,3
19,54,1,3,2,3,8,2,2,0
19,54,2,5,2,1,8,2,2,0
19,55,1,5,1,4,10,5,3,-2
19,55,2,4,2,5,11,2,3,1
19,56,1,2,3,2,7,0,1,1
19,56,2,2,0,1,3,0,0,0
19,57,1,1,3,0,4,0,5,5
19,57,2,5,5,1,11,0,0,0
19,58,1,2,2,1,5,4,3,-1
19,58,2,3,0,0,3,3,5,2
19,59,1,2,3,3,8,0,1,1
19,59,2,3,1,4,8,1,2,1
19,60,1,3,0,1,4,1,5,4
19,60,2,4,2,2,8,0,1,1
20,1,1,3,0,3,6,0,4,4
20,1,2,5,3,3,11,1,2,1
20,2,1,3,1,4,8,3,2,-1
20,2,2,1,1,5,7,5,2,-3
20,3,1,4,0,2,6,4,5,1
20,3,2,5,4,4,13,3,5,2
20,4,1,5,3,0,8,3,4,1
20,4,2,4,5,4,13,0,0,0
20,5,1,3,3,2,8,3,0,-3
20,5,2,5,0,1,6,4,3,-1
20,6,1,4,5,1,10,0,3,3
20,6,2,3,1,2,6,2,3,1
20,7,1,1,2,1,4,5,5,0
20,7,2,2,2,3,7,1,4,3
20,8,1,5,2,3,10,4,0,-4
20,8,2,0,5,0,5,0,5,5
20,9,1,0,1,4,5,4,4,0
20,9,2,2,4,4,10,3,5,2
20,10,1,0,0,1,1,4,0,-4
20,10,2,5,5,1,11,2,2,0
20,11,1,0,3,0,3,2,5,3
20,11,2,2,3,4,9,5,5,0
20,12,1,3,2,5,10,1,0,-1
20,12,2,1,1,4,6,0,2,2
20,13,1,4,1,3,8,2,2,0
20,13,2,3,5,3,11,0,1,1
20,14,1,4,4,0,8,2,5,3
20,14,2,1,5,2,8,4,3,-1
20,15,1,0,1,4,5,5,1,-4
20,15,2,1,1,1,3,4,2,-2
20,16,1,2,3,4,9,0,1,1
20,16,2,2,2,4,8,5,0,-5
20,17,1,4,0,5,9,3,5,2
20,17,2,5,5,5,15,1,1,0
20,18,1,3,1,2,6,0,3,3
20,18,2,5,2,3,10,5,3,-2
20,19,1,3,5,0,8,0,4,4
20,19,2,4,1,4,9,0,4,4
20,20,1,3,2,4,9,1,3,2
20,20,2,0,2,1,3,2,2,0
20,21,1,4,3,2,9,0,0,0
20,21,2,3,0,4,7,3,0,-3
20,22,1,4,3,1,8,0,0,0
20,22,2,2,0,0,2,3,0,-3
20,23,1,5,4,0,9,0,3,3
20,23,2,2,4,3,9,3,5,2
20,24,1,1,5,0,6,1,4,3
20,24,2,0,5,4,9,5,3,-2
20,25,1,1,1,3,5,1,5,4
20,25,2,2,3,5,10,1,4,3
20,26,1,0,3,1,4,0,2,2
20,26,2,3,0,3,6,4,0,-4
20,27,1,1,0,2,3,4,5,1
20,27,2,4,0,0,4,4,5,1
20,28,1,5,3,4,12,5,5,0
20,28,2,3,4,3,10,4,5,1
20,29,1,0,2,5,7,4,3,-1
20,29,2,4,4,5,13,3,2,-1
20,30,1,1,1,0,2,3,1,-2
20,30,2,1,2,4,7,1,2,1
20,31,1,5,0,0,5,2,3,1
20,31,2,0,1,4,5,5,3,-2
20,32,1,5,0,4,9,0,5,5
20,32,2,1,1,2,4,5,4,-1
20,33,1,1,4,1,6,0,1,1
20,33,2,4,1,2,7,1,0,-1
20,34,1,3,1,0,4,0,0,0
20,34,2,2,5,0,7,0,0,0
20,35,1,1,2,0,3,3,3,0
20,35,2,0,5,2,7,1,1,0
20,36,1,0,3,3,6,4,4,0
20,36,2,5,0,5,10,5,2,-3
20,37,1,5,2,0,7,5,1,-4
20,37,2,0,4,2,6,3,2,-1
20,38,1,4,2,1,7,3,2,-1
20,38,2,5,4,5,14,1,1,0
20,39,1,3,2,3,8,3,4,1
20,39,2,0,0,3,3,3,5,2
20,40,1,0,0,5,5,2,3,1
20,40,2,4,1,0,5,0,3,3
20,41,1,3,3,4,10,2,3,1
20,41,2,4,2,0,6,1,0,-1
20,42,1,4,5,3,12,4,3,-1
20,42,2,2,2,5,9,1,2,1
20,43,1,4,0,1,5,2,1,-1
20,43,2,5,5,5,15,4,4,0
20,44,1,0,2,5,7,2,1,-1
20,44,2,3,3,0,6,1,4,3
20,45,1,0,3,4,7,5,2,-3
20,45,2,3,5,5,13,5,0,-5
20,46,1,3,3,4,10,4,1,-3
20,46,2,3,3,4,10,1,0,-1
20,47,1,2,0,2,4,2,0,-2
20,47,2,1,1,1,3,4,2,-2
20,48,1,1,4,1,6,5,5,0
20,48,2,4,0,4,8,2,0,-2
20,49,1,2,1,5,8,0,4,4
20,49,2,4,2,5,11,5,1,-4
20,50,1,3,1,4,8,0,4,4
20,50,2,1,2,4,7,5,4,-1
20,51,1,4,1,2,7,4,0,-4
20,51,2,1,1,0,2,0,3,3
20,52,1,2,1,1,4,5,5,0
20,52,2,3,0,2,5,5,3,-2
20,53,1,4,2,2,8,0,0,0
20,53,2,0,4,1,5,2,4,2
20,54,1,4,2,0,6,0,4,4
20,54,2,1,2,5,8,0,1,1
20,55,1,1,0,1,2,2,0,-2
20,55,2,5,5,2,12,1,5,4
20,56,1,3,3,2,8,2,2,0
20,56,2,0,5,4,9,1,0,-1
20,57,1,3,3,0,6,5,5,0
20,57,2,1,0,0,1,2,0,-2
20,58,1,5,0,2,7,4,5,1
20,58,2,0,2,3,5,3,4,1
20,59,1,2,0,2,4,0,0,0
20,59,2,4,4,3,11,3,0,-3
20,60,1,5,1,3,9,1,5,4
20,60,2,0,2,3,5,3,0,-3
